chrom.pos	ref	alt	AH09_10A	AH09_10B	AH09_11A	AH09_11B	AH09_1A	AH09_1B	AH09_2B	AH09_2C	AH09_3A	AH09_3C	AH09_4A	AH09_4C	AH09_5A	AH09_5B	AH09_6A	AH09_6C	AH09_7A	AH09_7B	AH09_8B	AH09_8C	AH09_9A	AH09_9C
contig205982.245	A	G	A/A,38,38,0	A/A,39,39,0	A/A,37,37,0	A/A,29,29,0	A/A,31,31,0	A/A,38,38,0	A/A,38,38,0	A/A,29,29,0	A/A,35,35,0	A/A,36,36,0	A/G,19,16,3	A/A,34,34,0	A/A,18,16,0	A/A,37,37,0	A/A,39,39,0	A/A,32,32,0	A/A,33,33,0	A/A,33,33,0	A/A,37,37,0	A/A,30,30,0	A/A,34,34,0	A/A,45,45,0
contig100371.233	A	G	A/G,17,7,10	G/G,15,0,15	A/G,15,3,12	A/G,8,3,5	G/G,13,0,13	G/G,14,0,14	A/G,20,9,11	A/G,18,7,11	A/G,20,6,14	G/G,24,0,24	G/G,15,0,15	A/G,18,10,8	G/G,13,0,13	A/G,14,6,8	A/G,22,10,12	A/G,16,8,8	A/G,17,4,13	A/G,21,6,15	G/G,15,0,15	A/G,24,9,15	A/G,19,3,16	A/G,29,6,23
contig116764.121	C	A	C/A,35,29,6	C/A,44,35,9	C/A,48,38,10	C/A,30,24,6	C/A,41,34,7	C/A,40,30,10	C/C,42,41,1	C/A,31,25,6	C/A,38,30,8	C/A,40,34,6	C/A,33,26,7	C/A,45,34,11	C/A,45,35,10	C/A,33,28,5	C/A,34,31,3	C/A,47,40,7	C/C,34,33,1	C/A,44,38,6	C/A,40,32,8	C/A,38,33,5	C/C,31,31,0	C/A,35,28,7
contig116764.200	A	G	A/G,36,27,9	A/G,50,40,10	A/G,39,34,5	A/G,31,25,6	A/G,39,32,7	A/G,34,27,7	A/G,38,32,6	A/A,33,33,0	A/G,32,28,4	A/G,36,28,8	A/G,38,33,5	A/G,35,29,6	A/G,36,25,11	A/G,36,29,7	A/G,34,28,6	A/G,28,23,5	A/G,30,25,5	A/G,42,31,11	A/G,35,26,9	A/G,32,29,3	A/G,32,23,9	A/G,34,23,11
contig116764.209	A	T	A/T,34,26,8	A/T,50,44,6	A/T,36,33,3	A/T,28,24,4	A/T,35,30,5	A/T,33,28,5	A/T,39,35,4	A/A,34,34,0	A/T,34,28,6	A/T,33,27,6	A/A,39,38,1	A/T,34,29,5	A/T,34,27,7	A/T,33,28,5	A/T,33,29,4	A/T,30,25,5	A/T,29,23,6	A/T,38,28,10	A/T,35,30,5	A/T,30,26,4	A/T,27,24,3	A/T,31,23,8
contig116764.212	G	A	G/A,35,27,8	G/A,52,44,8	G/A,38,34,4	G/A,30,26,4	G/A,35,29,6	G/A,34,29,5	G/A,41,37,4	G/G,36,36,0	G/A,36,29,7	G/A,34,28,6	G/G,41,39,2	G/A,37,32,5	G/A,36,29,7	G/A,35,29,6	G/A,35,30,5	G/A,34,27,7	G/A,31,22,9	G/A,41,31,10	G/A,37,31,6	G/A,32,27,5	G/A,30,27,3	G/A,35,27,8
contig194448.235	C	T	C/C,33,33,0	C/C,34,34,0	C/C,30,30,0	C/C,25,25,0	C/C,34,34,0	C/C,29,29,0	C/C,35,35,0	C/C,29,29,0	C/C,35,35,0	C/C,33,33,0	C/C,33,33,0	C/C,26,26,0	C/C,30,30,0	C/C,33,33,0	C/C,30,30,0	C/C,28,28,0	C/C,32,32,0	C/C,30,30,0	C/C,29,29,0	C/C,26,26,0	C/T,10,8,2	C/C,33,33,0
contig200180.54	C	T	C/T,20,12,8	T/T,13,0,13	C/T,21,13,8	C/T,14,7,7	C/T,18,10,8	C/T,15,9,6	C/T,21,14,7	C/T,10,6,4	C/T,11,8,3	C/T,15,7,8	C/T,17,9,8	C/T,20,12,8	C/T,15,9,6	C/T,14,3,11	C/T,15,13,2	C/T,16,9,7	C/T,15,6,9	C/T,21,12,9	C/T,19,12,7	C/T,17,6,11	C/T,18,6,12	C/T,9,6,3
contig175549.542	C	A	C/A,58,42,16	C/A,42,36,6	C/A,38,23,15	C/A,36,29,7	C/A,44,31,13	C/C,55,52,3	C/A,44,31,13	C/A,59,45,14	C/A,45,38,7	C/A,42,29,13	C/A,62,45,17	C/A,63,48,15	C/A,50,39,11	C/A,54,46,8	C/A,54,39,15	C/A,54,35,19	C/A,35,25,10	C/A,22,19,3	C/A,50,36,14	C/A,50,39,11	C/A,45,21,24	C/A,50,37,13
contig175549.889	G	T	G/T,72,56,16	G/T,74,60,14	G/T,61,35,26	G/T,59,49,10	G/T,52,39,13	G/G,76,72,4	G/T,61,42,19	G/T,66,47,19	G/T,65,44,21	G/T,71,42,29	G/T,75,59,16	G/T,70,58,12	G/T,71,53,18	G/T,71,54,17	G/T,65,44,21	G/T,69,54,15	G/T,61,41,20	G/T,61,45,16	G/T,70,47,23	G/T,68,55,13	G/T,65,40,25	G/T,71,59,12
contig153365.248	T	G	T/T,45,45,0	T/T,43,43,0	T/T,35,35,0	T/T,36,36,0	T/T,33,33,0	T/G,70,56,14	T/T,33,33,0	T/T,45,45,0	T/T,35,35,0	T/T,36,36,0	T/T,50,50,0	T/T,42,42,0	T/T,46,46,0	T/T,44,44,0	T/T,43,43,0	T/T,40,40,0	T/T,37,37,0	T/T,23,23,0	T/T,44,44,0	T/T,29,29,0	T/T,34,34,0	T/T,45,45,0
contig212498.100	A	G	A/G,17,11,6	A/G,21,16,5	A/G,19,14,5	A/G,17,14,3	A/G,20,15,5	A/G,21,16,5	A/G,21,17,4	A/G,21,15,6	A/G,20,14,6	A/G,18,13,5	A/G,22,17,5	A/G,18,13,5	A/G,23,19,4	A/G,18,12,6	A/G,21,14,7	A/G,16,12,4	A/G,25,18,7	A/G,20,16,4	A/A,17,17,0	A/G,20,16,4	A/G,16,13,3	A/G,20,11,9
contig207383_82203.84	C	G	C/C,48,48,0	C/C,61,61,0	C/C,48,48,0	C/C,40,40,0	C/C,52,52,0	C/C,56,56,0	C/C,56,54,2	C/C,52,52,0	C/C,48,48,0	C/C,51,51,0	C/C,52,52,0	C/G,53,47,6	C/C,47,47,0	C/C,47,47,0	C/C,61,61,0	C/C,58,58,0	C/C,43,43,0	C/C,47,47,0	C/C,62,62,0	C/C,55,52,3	C/C,46,44,2	C/C,47,47,0
contig600142.162	G	A	G/G,72,72,0	G/G,76,72,4	G/G,70,70,0	G/G,70,66,4	G/A,65,58,7	G/G,77,73,4	G/A,73,65,8	G/G,71,68,3	G/G,78,78,0	G/G,76,76,0	G/G,81,81,0	G/A,76,68,8	G/G,75,72,3	G/G,79,79,0	G/G,75,72,3	G/G,57,54,3	G/G,62,60,2	G/G,74,74,0	G/G,58,58,0	G/G,67,64,3	G/G,64,60,4	G/G,70,67,3
contig216310.186	C	T	C/T,20,15,5	C/T,31,22,9	C/C,29,29,0	C/T,15,12,3	C/T,17,12,5	C/T,20,17,3	C/T,26,20,6	C/T,20,14,6	C/T,30,26,4	C/T,32,26,6	C/T,28,22,6	C/T,24,18,6	C/T,28,23,5	C/T,41,29,12	C/T,24,20,4	C/T,20,16,4	C/T,22,19,3	C/T,28,22,6	C/T,22,19,3	C/T,23,11,12	C/T,26,23,3	C/T,30,24,6
contig107722.248	G	C	G/C,16,4,12	G/C,16,4,12	G/C,10,4,6	G/C,12,4,8	G/C,10,6,4	G/C,15,5,10	G/C,15,5,10	G/C,9,4,5	G/C,14,1,13	G/C,15,5,10	G/C,14,3,11	G/C,16,7,9	G/C,15,6,9	G/C,11,4,7	G/C,20,6,14	C/C,11,0,11	G/C,12,4,8	C/C,11,0,11	G/C,11,3,8	G/C,17,4,13	G/C,14,4,10	G/C,17,4,13
contig188677.131	C	T	C/T,48,42,6	C/T,41,30,11	C/T,43,36,7	C/T,34,29,5	C/T,45,39,6	C/T,53,42,11	C/T,47,30,17	C/T,46,37,9	C/T,47,37,10	C/T,50,44,6	C/T,48,41,7	C/T,55,35,20	C/T,47,41,6	C/T,51,41,10	C/T,50,39,11	C/T,58,43,15	C/T,41,25,16	C/T,47,40,7	C/T,44,35,9	C/T,48,35,13	C/T,50,28,22	C/C,54,51,3
contig182026.84	A	G	A/G,15,12,3	A/G,23,15,8	A/G,16,9,7	A/G,13,8,5	A/G,14,8,6	A/G,18,12,6	A/G,18,14,4	A/G,14,7,7	A/G,17,9,8	A/G,11,2,9	A/G,18,7,11	A/G,18,9,9	A/G,16,5,11	A/G,19,8,11	A/G,13,6,7	A/G,14,7,7	A/G,18,12,6	A/G,16,9,7	A/G,13,7,6	A/G,15,11,4	A/A,17,17,0	A/G,15,5,10
contig107114.78	G	C	G/C,22,13,9	G/C,28,8,20	G/C,15,10,5	G/C,8,2,6	G/C,22,10,12	G/C,17,7,10	G/C,22,6,16	C/C,12,0,12	G/C,19,8,11	G/C,15,6,9	G/C,18,9,9	G/C,17,6,11	G/C,20,6,14	G/C,16,7,9	G/C,15,6,9	G/C,24,10,14	G/C,22,8,14	G/C,18,6,12	G/C,17,9,8	G/C,22,9,13	G/C,21,8,13	G/C,20,3,17
contig178246.156	A	G	A/G,49,43,6	A/G,44,35,9	A/G,49,40,9	A/G,42,34,8	A/G,40,31,9	A/G,45,35,10	A/G,63,50,13	A/G,43,39,4	A/G,49,40,9	A/G,47,38,9	A/G,49,40,9	A/G,45,36,9	A/G,37,32,5	A/G,45,34,11	A/G,45,40,5	A/G,47,36,11	A/G,50,41,9	A/G,48,41,7	A/G,45,36,9	A/G,35,31,4	A/A,40,38,2	A/G,44,40,4
contig185813.137	T	G	T/G,14,3,11	T/G,33,9,24	T/G,27,8,19	T/G,25,8,17	T/G,18,3,15	T/G,28,12,16	T/G,35,13,22	T/G,27,6,21	T/G,30,13,17	T/G,31,13,18	T/G,25,7,18	T/G,25,8,17	T/G,22,7,15	T/G,25,7,18	T/G,19,7,12	T/G,27,7,20	G/G,18,1,17	T/G,19,7,12	T/G,23,5,18	T/G,23,8,15	G/G,19,0,19	T/G,24,8,16
contig176727.55	T	C	C/C,26,0,26	C/C,25,0,25	C/C,15,0,15	C/C,19,0,19	C/C,32,0,32	T/C,31,3,28	C/C,38,0,38	C/C,21,0,21	C/C,41,1,40	C/C,38,0,38	C/C,39,0,39	C/C,30,0,30	C/C,41,0,41	C/C,42,0,42	C/C,42,0,42	C/C,33,0,33	C/C,30,0,30	C/C,23,0,23	C/C,32,0,32	C/C,33,0,33	C/C,21,0,21	C/C,30,0,30
contig147523.251	A	G	A/G,38,31,7	A/G,37,26,11	A/G,31,26,5	A/G,31,24,7	A/G,40,30,10	A/A,22,22,0	A/G,31,25,6	A/G,32,25,7	A/G,35,24,11	A/G,51,35,16	A/G,46,31,15	A/G,39,26,13	A/G,38,27,11	A/G,43,37,6	A/G,42,32,10	A/G,41,28,13	A/G,28,19,9	A/G,28,19,9	A/G,34,19,15	A/G,42,28,14	A/G,41,33,8	A/G,44,31,13
contig183365.231	T	C	T/C,8,3,5	T/C,13,10,3	T/C,13,6,7	T/C,10,7,3	T/C,17,10,7	T/T,12,12,0	T/C,10,4,6	T/C,10,5,5	T/C,6,3,3	T/C,9,2,7	T/C,9,6,3	T/C,8,3,5	T/C,11,6,5	T/C,12,7,5	T/C,10,7,3	T/C,10,4,6	T/C,11,4,7	T/C,14,7,7	T/C,9,5,4	T/C,14,8,6	T/C,8,6,2	T/C,11,6,5
contig150117.482	T	C	T/C,28,14,14	T/C,27,16,11	T/C,31,14,17	T/C,21,11,10	T/C,32,11,21	T/C,25,10,15	T/C,29,10,19	T/C,23,11,12	T/C,28,14,14	T/C,31,12,19	T/C,26,9,17	T/C,27,9,18	T/C,34,12,22	T/C,24,13,11	T/C,29,17,12	C/C,15,0,15	T/C,33,11,22	T/C,21,11,10	T/C,31,13,18	T/C,26,12,14	T/C,17,9,8	T/C,26,11,15
contig176292.218	A	G	A/G,40,13,27	A/G,40,10,30	A/G,39,10,29	G/G,33,0,33	A/G,40,6,34	A/G,36,7,29	A/G,37,5,32	A/G,36,8,28	A/G,41,5,36	A/G,37,16,21	A/G,40,14,26	A/G,36,11,25	A/G,34,7,27	A/G,38,12,26	A/G,38,12,26	A/G,39,11,28	A/G,39,7,32	A/G,40,12,28	A/G,38,6,32	A/G,38,14,24	A/G,39,14,25	A/G,38,13,25
contig189780.24	G	T	G/T,18,7,11	G/G,15,15,0	G/G,10,10,0	G/T,15,11,4	G/T,16,5,11	G/T,20,11,9	G/T,19,11,8	G/T,12,10,2	G/T,13,10,3	G/T,16,10,6	G/T,19,10,9	G/T,17,10,7	G/T,17,9,8	G/T,21,13,8	G/T,17,12,5	G/T,20,7,13	G/T,19,9,10	G/T,25,18,7	G/T,16,6,10	G/T,17,15,2	G/T,18,14,4	G/T,17,14,3
contig189780.62	A	G	A/G,43,26,17	A/G,54,38,16	A/G,43,24,19	A/G,33,25,8	A/G,40,18,22	A/G,47,27,20	A/G,44,31,13	A/G,30,18,12	A/G,41,31,10	A/G,41,21,20	A/G,43,26,17	A/G,47,27,20	A/G,37,22,15	A/G,47,25,22	A/A,34,34,0	A/G,55,25,30	A/G,48,25,23	A/G,54,34,20	A/G,39,19,20	A/G,42,28,14	A/G,40,24,16	A/G,40,36,4
contig171512.67	C	T	C/C,51,51,0	C/C,55,55,0	C/C,60,60,0	C/C,44,44,0	C/C,50,50,0	C/C,57,57,0	C/C,24,24,0	C/C,47,47,0	C/C,54,54,0	C/C,50,50,0	C/T,22,19,3	C/C,48,48,0	C/T,19,17,2	C/C,48,48,0	C/C,55,55,0	C/C,54,54,0	C/C,48,48,0	C/C,53,53,0	C/C,56,56,0	C/C,52,52,0	C/C,53,53,0	C/C,50,50,0
contig105229_109281_150296_116264_147348.2327	T	A	T/T,26,26,0	T/A,30,24,6	T/A,31,20,11	T/A,19,14,5	T/T,37,37,0	T/T,30,30,0	T/T,28,28,0	T/T,29,29,0	T/A,24,21,3	T/T,16,16,0	T/A,22,17,5	T/A,21,17,4	T/T,30,30,0	T/A,21,13,8	T/T,29,29,0	T/T,26,26,0	T/A,28,21,7	T/T,39,39,0	T/T,29,29,0	T/T,36,36,0	T/T,28,28,0	T/T,32,32,0
contig76388.347	G	A	G/G,17,17,0	G/G,26,26,0	G/G,21,21,0	G/G,24,24,0	G/G,19,19,0	G/G,21,21,0	G/G,23,23,0	G/G,20,20,0	G/A,30,25,5	G/A,22,16,6	G/G,31,31,0	G/G,22,22,0	G/A,25,19,6	G/G,28,28,0	G/G,20,20,0	G/G,22,22,0	G/G,26,26,0	G/G,20,20,0	G/G,26,26,0	G/G,23,23,0	G/G,22,22,0	G/G,32,32,0
contig218577.171	C	T	C/T,19,10,9	C/T,20,11,9	C/T,21,9,12	C/T,15,8,7	C/C,14,14,0	C/T,21,10,11	C/T,23,17,6	C/T,17,11,6	C/T,17,9,8	C/T,15,11,4	C/T,21,13,8	C/T,18,9,9	C/T,16,9,7	C/T,18,11,7	C/T,13,10,3	C/T,23,11,12	C/T,15,10,5	C/T,20,9,11	C/T,17,11,6	C/T,21,14,7	C/T,20,11,9	C/T,21,11,10
contig109163.137	T	C	T/C,20,5,15	T/C,18,5,13	T/C,16,5,11	T/C,10,3,7	C/C,19,0,19	T/C,18,6,12	T/C,19,7,12	T/C,24,6,18	T/C,20,6,14	T/C,18,4,14	T/C,28,5,23	T/C,21,7,14	T/C,21,6,15	T/C,22,7,15	T/C,13,2,11	T/C,18,4,14	T/C,16,6,10	T/C,11,3,8	T/C,19,5,14	T/C,22,9,13	T/C,16,4,12	T/C,16,6,10
contig110008.85	C	A	C/A,29,17,8	C/A,29,20,7	C/A,22,16,4	C/A,15,12,2	C/A,27,19,6	C/A,24,20,3	C/A,35,28,6	C/C,20,17,0	C/A,27,21,5	C/A,44,31,11	C/A,28,14,13	C/A,26,22,3	C/A,37,28,6	C/A,36,24,8	C/A,25,19,4	C/A,28,20,8	C/A,18,11,3	C/A,23,20,3	C/A,24,16,4	C/A,34,21,9	C/A,24,19,5	C/C,28,27,0
contig188499.235	G	C	G/G,19,19,0	G/G,18,18,0	G/G,16,16,0	G/G,13,13,0	G/G,14,14,0	G/G,26,26,0	G/G,13,13,0	G/G,18,18,0	G/G,17,17,0	G/G,19,19,0	G/G,23,23,0	G/G,18,18,0	G/G,15,15,0	G/G,14,14,0	G/G,22,22,0	G/C,15,11,4	G/C,16,9,7	G/C,20,16,4	G/C,16,13,3	G/G,15,15,0	G/G,12,12,0	G/G,23,23,0
contig71141.337	C	A	C/A,20,6,14	C/A,24,7,17	C/A,17,4,13	C/A,10,5,5	C/A,14,3,11	C/A,18,6,12	C/A,23,6,17	C/A,16,8,8	C/A,19,7,12	C/A,27,8,19	C/A,21,5,16	C/A,16,7,9	C/A,24,7,17	C/A,20,7,13	C/A,23,4,19	C/A,21,9,12	C/A,18,12,6	C/A,14,4,10	C/A,12,3,9	A/A,17,0,17	C/A,18,6,12	C/A,20,6,14
contig71141.516	A	G	A/G,10,7,3	A/G,13,9,4	A/G,16,10,6	A/G,6,3,3	A/G,12,6,6	A/G,18,8,10	A/G,14,10,4	A/G,14,8,6	A/G,18,12,6	A/G,12,9,3	A/G,18,8,10	A/G,15,11,4	A/G,15,11,4	A/G,13,7,6	A/G,23,14,9	A/G,20,11,9	A/G,10,5,5	A/G,10,8,2	A/A,16,16,0	A/G,10,6,4	A/G,12,7,5	A/G,13,2,11
contig71141.529	A	G	A/G,9,4,5	A/G,14,7,7	A/G,14,9,5	A/G,7,3,4	A/G,14,9,5	A/G,19,13,6	A/G,13,8,5	A/G,14,8,6	A/G,15,8,7	A/G,9,3,6	A/G,16,12,4	A/G,16,7,9	A/G,19,10,9	A/G,9,7,2	A/G,22,13,9	A/G,16,9,7	A/G,12,7,5	A/G,8,3,5	A/G,13,3,10	A/G,6,3,3	A/G,11,7,4	A/A,14,14,0
contig71141.547	G	C	G/C,9,4,5	G/G,12,12,0	G/C,11,6,5	G/C,12,7,5	G/C,14,6,8	G/C,17,9,8	G/C,12,8,4	G/C,15,4,11	G/C,14,6,8	G/C,8,5,3	G/C,16,8,8	G/C,14,10,4	G/C,15,7,8	G/C,16,11,5	G/C,22,14,8	G/C,10,4,6	G/C,14,9,5	G/C,8,2,6	G/C,15,12,3	G/C,6,3,3	G/C,11,6,5	G/C,13,5,8
contig131041.215	T	C	C/C,23,0,23	C/C,30,0,30	C/C,27,0,27	C/C,20,0,20	C/C,20,0,20	T/C,29,4,25	C/C,28,0,28	C/C,21,0,21	C/C,34,0,34	T/C,34,5,29	T/C,30,6,24	T/C,33,6,27	T/C,22,4,18	C/C,30,0,30	C/C,31,0,31	C/C,24,0,24	T/C,29,6,23	T/C,38,6,32	C/C,20,0,20	T/C,30,4,26	C/C,25,0,25	C/C,31,0,31
contig131041.218	T	C	C/C,20,0,20	C/C,26,0,26	C/C,23,0,23	C/C,19,0,19	C/C,19,0,19	T/C,28,4,24	C/C,24,0,24	C/C,20,0,20	C/C,30,0,30	T/C,31,5,26	T/C,27,6,21	T/C,30,6,24	T/C,21,4,17	C/C,26,0,26	C/C,26,0,26	C/C,22,0,22	T/C,27,6,21	T/C,34,6,28	C/C,18,0,18	T/C,25,4,21	C/C,22,0,22	C/C,28,0,28
contig187631.28	A	G	A/G,47,35,12	A/G,44,36,8	A/G,42,34,8	A/G,32,27,5	A/A,38,38,0	A/A,38,37,1	A/G,43,37,6	A/G,44,33,11	A/G,38,31,7	A/G,41,30,11	A/G,48,37,11	A/G,44,33,11	A/G,38,30,8	A/G,40,32,8	A/G,38,31,7	A/G,46,39,7	A/G,36,31,5	A/A,32,31,1	A/G,41,30,11	A/G,43,36,7	A/G,36,23,13	A/G,39,31,8
contig7100.69	A	G	A/A,24,24,0	A/A,36,36,0	A/A,36,36,0	A/A,29,29,0	A/A,26,26,0	A/A,25,25,0	A/A,36,36,0	A/A,25,25,0	A/G,29,25,4	A/G,29,25,4	A/A,33,33,0	A/A,26,26,0	A/A,28,28,0	A/A,31,31,0	A/A,35,35,0	A/A,38,38,0	A/A,25,25,0	A/A,33,33,0	A/A,31,31,0	A/A,34,34,0	A/A,30,30,0	A/A,34,34,0
contig180227.103	C	T	C/T,49,40,9	C/T,59,50,9	C/T,65,57,8	C/C,60,57,3	C/T,67,60,7	C/C,64,62,2	C/T,68,61,7	C/C,59,57,2	C/T,61,56,5	C/T,43,38,5	C/T,66,58,8	C/T,52,33,19	C/T,60,55,5	C/C,73,69,4	C/T,70,59,11	C/T,48,29,19	C/T,49,42,7	C/T,50,40,10	C/T,59,46,13	C/T,47,31,16	C/T,44,29,15	C/T,50,44,6
contig114421.329	G	A	G/A,28,20,8	G/G,30,30,0	G/A,37,28,9	G/A,18,14,4	G/A,22,18,4	G/A,32,29,3	G/A,30,21,9	G/A,32,24,8	G/A,33,28,5	G/A,19,12,7	G/A,28,21,7	G/A,27,18,9	G/A,29,22,7	G/A,27,23,4	G/A,27,23,4	G/A,28,21,7	G/A,24,20,4	G/A,25,20,5	G/A,28,19,9	G/A,32,22,10	G/A,29,25,4	G/A,30,23,7
contig151250.182	T	A	T/A,68,22,46	T/A,70,32,38	T/A,75,30,45	T/A,68,31,37	T/A,71,25,46	T/A,65,13,52	T/A,55,19,36	T/A,74,33,41	T/A,72,33,39	T/A,64,9,55	T/A,59,9,50	T/A,60,18,42	T/A,70,24,46	T/A,76,31,45	T/A,53,5,48	T/A,67,14,53	T/A,61,19,42	T/A,70,25,45	T/A,76,23,53	T/A,68,15,53	A/A,42,2,40	T/A,59,13,46
contig151250.185	C	T	C/T,68,22,46	C/T,70,32,38	C/T,75,28,47	C/T,68,33,35	C/T,73,26,47	C/T,65,12,53	C/T,56,19,37	C/T,74,33,41	C/T,72,34,38	C/T,64,10,54	C/T,59,9,50	C/T,60,17,43	C/T,70,22,48	C/T,75,32,43	C/T,54,6,48	C/T,65,15,50	C/T,61,18,43	C/T,69,24,45	C/T,76,25,51	C/T,69,16,53	T/T,41,2,39	C/T,59,13,46
contig151250.201	G	A	G/A,61,20,41	G/A,60,23,37	G/A,62,19,43	G/A,56,24,32	G/A,65,20,45	G/A,57,7,50	G/A,48,13,35	G/A,63,26,37	G/A,65,24,41	G/A,53,7,46	G/A,50,8,42	G/A,52,13,39	G/A,61,14,47	G/A,63,25,38	G/A,46,6,40	G/A,52,15,37	G/A,56,18,38	G/A,61,19,42	G/A,66,17,49	G/A,57,13,44	A/A,32,1,31	G/A,52,12,40
contig151250.307	G	T	G/T,59,53,6	G/T,62,56,6	G/T,54,51,3	G/T,54,46,8	G/T,64,58,6	G/T,55,50,5	G/T,44,40,4	G/T,67,62,5	G/T,58,54,4	G/T,47,40,7	G/T,45,39,6	G/T,48,43,5	G/T,62,56,6	G/T,64,61,3	G/T,26,21,5	G/T,54,48,6	G/T,45,39,6	G/T,59,55,4	G/T,69,66,3	G/G,58,58,0	G/T,16,14,2	G/T,46,39,7
contig170987.247	G	A	G/A,25,13,12	G/A,19,11,8	G/A,17,8,9	G/A,14,10,4	G/G,12,12,0	G/A,8,5,3	G/A,18,14,4	G/A,20,16,4	G/A,18,7,11	G/A,27,14,13	G/A,16,11,5	G/A,16,9,7	G/A,15,8,7	G/A,21,11,10	G/A,19,9,10	G/A,25,14,11	G/A,14,5,9	G/A,14,7,7	G/A,23,12,11	G/A,13,6,7	G/A,17,10,7	G/A,25,14,11
contig186058.85	T	G	T/G,40,29,11	T/G,33,26,7	T/G,30,20,10	T/G,20,15,5	T/G,32,24,8	T/T,58,58,0	T/G,39,34,5	T/G,29,24,5	T/G,37,30,7	T/G,30,20,10	T/G,58,45,13	T/G,40,31,9	T/G,27,19,8	T/G,34,24,10	T/G,52,35,17	T/G,31,26,5	T/G,22,14,8	T/G,29,25,4	T/G,41,29,12	T/G,41,29,12	T/G,32,18,14	T/G,28,21,7
contig182456.177	T	C	T/T,39,39,0	T/T,47,47,0	T/T,41,41,0	T/T,19,19,0	T/T,37,37,0	T/T,31,31,0	T/T,32,32,0	T/T,32,32,0	T/T,34,34,0	T/T,38,38,0	T/T,41,41,0	T/T,37,37,0	T/T,37,37,0	T/T,44,44,0	T/T,23,23,0	T/T,47,47,0	T/T,40,40,0	T/T,37,37,0	T/C,29,25,4	T/T,39,39,0	T/T,36,36,0	T/T,43,43,0
contig217171.140	T	G	T/G,48,6,42	T/G,57,10,47	T/G,62,6,56	T/G,69,11,58	T/G,46,5,41	T/G,60,11,49	T/G,65,10,55	T/G,30,4,26	T/G,60,13,47	T/G,72,18,54	T/G,45,9,36	T/G,56,14,42	T/G,40,6,34	T/G,40,7,33	T/G,76,10,66	T/G,56,8,48	T/G,58,9,49	T/G,49,5,44	T/G,46,11,35	G/G,53,1,52	T/G,64,12,52	T/G,58,10,48
contig217171.143	C	T	C/T,52,7,45	C/T,59,12,47	C/T,67,7,60	C/T,70,12,58	C/T,49,5,44	C/T,66,12,54	C/T,66,11,55	C/T,33,5,28	C/T,60,13,47	C/T,74,19,55	C/T,48,9,39	C/T,57,14,43	C/T,42,7,35	C/T,45,8,37	C/T,82,11,71	C/T,62,10,52	C/T,58,8,50	C/T,55,6,49	C/T,48,12,36	T/T,57,2,55	C/T,65,12,53	C/T,63,10,53
contig217171.147	C	T	C/T,52,9,43	C/T,58,14,44	C/T,73,9,64	C/T,71,12,59	C/T,51,8,43	C/T,71,13,58	C/T,68,13,55	C/T,37,6,31	C/T,59,11,48	C/T,75,18,57	C/T,49,11,38	C/T,57,13,44	C/T,44,8,36	C/T,51,10,41	C/T,88,16,72	C/T,69,12,57	C/T,59,9,50	C/T,63,8,55	C/T,52,14,38	T/T,62,2,60	C/T,66,12,54	C/T,68,11,57
contig183052.225	C	T	C/T,29,22,7	C/T,30,25,5	C/T,32,27,5	C/T,23,20,3	C/T,16,8,8	C/T,22,17,5	C/T,23,19,4	C/T,21,18,3	C/T,24,21,3	C/T,36,30,6	C/T,27,22,5	C/T,31,27,4	C/T,26,21,5	C/T,29,22,7	C/C,37,37,0	C/T,23,20,3	C/T,26,19,7	C/T,30,24,6	C/T,15,12,3	C/T,39,35,4	C/C,35,35,0	C/T,30,27,3
contig183052.234	T	C	T/C,21,15,6	T/C,18,15,3	T/C,20,17,3	T/C,17,15,2	T/C,10,5,5	T/C,14,11,3	T/C,15,12,3	T/C,15,13,2	T/C,14,12,2	T/C,23,19,4	T/C,16,13,3	T/C,20,16,4	T/C,16,12,4	T/C,20,15,5	T/T,25,25,0	T/C,15,13,2	T/C,17,11,6	T/C,23,18,5	T/C,10,7,3	T/C,29,26,3	T/T,26,26,0	T/C,23,19,3
contig182485.184	A	G	A/A,29,29,0	A/A,26,26,0	A/A,30,30,0	A/A,25,25,0	A/A,28,28,0	A/A,26,26,0	A/A,22,22,0	A/G,9,7,2	A/A,27,27,0	A/A,26,26,0	A/A,29,29,0	A/A,25,25,0	A/A,34,34,0	A/A,26,26,0	A/A,34,34,0	A/A,25,25,0	A/A,25,25,0	A/A,24,24,0	A/A,30,30,0	A/A,28,28,0	A/A,28,28,0	A/A,28,28,0
contig179949.113	G	C	G/C,38,9,29	G/C,46,12,34	G/C,38,17,21	G/C,23,10,13	G/C,39,16,23	G/C,27,4,23	G/C,47,18,29	C/C,19,0,19	G/C,31,15,16	G/C,42,23,19	G/C,44,24,20	G/C,40,18,22	G/C,39,11,28	G/C,33,10,23	G/C,39,13,26	G/C,19,3,16	G/C,21,11,10	G/C,28,13,15	G/C,38,18,20	G/C,35,24,11	G/C,36,19,17	G/C,38,18,20
contig176014.49	A	C	A/C,45,15,30	A/C,37,12,25	A/C,35,17,18	A/C,29,13,16	A/C,26,9,17	C/C,68,2,66	A/C,41,18,23	A/C,39,8,31	A/C,32,13,19	A/C,39,18,21	A/C,55,14,41	A/C,43,15,28	A/C,36,8,28	A/C,38,5,33	A/C,34,17,17	A/C,45,23,22	A/C,34,10,24	A/C,36,12,24	A/C,39,9,30	A/C,43,17,26	A/C,36,22,14	A/C,40,16,24
contig176282_153388.581	C	T	C/C,19,19,0	C/C,35,35,0	C/C,24,24,0	C/C,16,16,0	C/C,31,31,0	C/C,28,28,0	C/C,21,21,0	C/C,22,22,0	C/T,28,21,7	C/C,23,23,0	C/C,21,21,0	C/C,17,17,0	C/C,23,23,0	C/C,27,27,0	C/C,17,17,0	C/C,23,23,0	C/C,20,20,0	C/C,26,26,0	C/C,27,27,0	C/C,17,17,0	C/C,16,16,0	C/C,23,23,0
contig153785.171	C	T	C/T,13,3,10	C/T,11,4,7	C/T,23,4,19	C/T,6,3,3	C/T,9,4,5	C/T,12,3,9	C/T,18,7,11	C/T,10,3,7	C/T,11,4,7	C/T,19,3,16	C/T,24,11,13	T/T,22,0,22	C/T,9,3,6	C/T,12,3,9	C/T,14,6,8	C/T,25,6,19	C/T,11,4,7	C/T,10,2,8	C/T,14,2,12	C/T,22,5,17	C/T,23,8,15	C/T,23,7,16
contig187358.114	G	T	G/T,22,5,17	G/T,41,9,32	G/T,36,11,25	G/T,31,12,19	G/T,27,9,18	G/T,38,9,29	G/T,32,12,20	G/T,38,9,29	G/T,29,9,20	G/T,32,6,26	G/T,36,12,24	G/T,37,9,28	G/T,35,8,27	G/T,37,7,30	G/T,32,6,26	T/T,39,1,38	G/T,30,4,26	G/T,25,4,21	G/T,36,9,27	G/T,33,3,30	G/T,28,6,22	G/T,38,10,28
contig187358.126	C	A	C/A,28,5,23	C/A,39,6,33	C/A,30,11,19	C/A,25,8,17	C/A,27,5,22	C/A,32,8,24	C/A,35,11,24	C/A,35,7,28	C/A,27,4,23	C/A,33,4,29	C/A,32,8,24	C/A,32,8,24	C/A,28,5,23	C/A,30,4,26	C/A,27,4,23	A/A,39,2,37	C/A,26,3,23	C/A,26,4,22	C/A,28,4,24	C/A,32,6,26	C/A,26,7,19	C/A,37,8,29
contig147971.171	T	C	T/T,34,34,0	T/T,39,39,0	T/C,13,11,2	T/T,27,27,0	T/T,36,36,0	T/T,30,30,0	T/T,36,36,0	T/T,33,33,0	T/T,31,31,0	T/T,36,36,0	T/T,42,42,0	T/T,34,34,0	T/T,34,34,0	T/T,33,33,0	T/T,38,38,0	T/T,41,41,0	T/T,30,30,0	T/T,26,26,0	T/T,37,37,0	T/T,37,37,0	T/T,32,32,0	T/T,40,40,0
contig113768.249	A	G	A/A,43,43,0	A/A,46,46,0	A/A,42,42,0	A/A,38,38,0	A/A,43,43,0	A/A,44,44,0	A/A,42,42,0	A/A,42,42,0	A/A,40,40,0	A/A,44,44,0	A/A,50,50,0	A/A,49,49,0	A/A,45,45,0	A/G,11,9,2	A/A,54,54,0	A/A,47,47,0	A/A,47,47,0	A/A,43,43,0	A/A,49,49,0	A/A,44,44,0	A/A,42,42,0	A/A,52,52,0
contig211783.109	T	C	T/C,38,7,31	T/C,55,7,48	C/C,45,0,45	T/C,30,7,23	C/C,46,0,46	T/C,48,8,40	C/C,40,0,40	C/C,43,0,43	C/C,45,0,45	T/C,52,9,43	T/C,50,11,39	C/C,38,0,38	T/C,55,8,47	T/C,52,12,40	T/C,40,7,33	T/C,48,6,42	T/C,44,9,35	C/C,43,0,43	T/C,49,6,43	C/C,49,1,48	T/C,44,6,38	T/C,56,12,44
contig143586.55	G	A	G/A,32,10,22	G/A,29,8,21	G/A,37,13,24	G/A,25,5,20	G/A,34,12,22	G/A,42,5,37	G/A,29,13,16	G/A,28,6,22	G/A,39,10,29	G/A,33,14,19	G/A,35,13,22	G/A,29,11,18	G/A,35,5,30	G/A,34,6,28	G/A,32,9,23	G/A,36,13,23	G/A,28,6,22	G/A,29,7,22	A/A,30,1,29	G/A,28,8,20	G/A,24,11,13	G/A,31,15,16
contig116545.94	A	T	A/T,24,2,22	A/T,27,8,19	T/T,25,1,24	A/T,15,2,13	A/T,29,7,22	A/T,22,4,18	A/T,26,6,20	A/T,13,1,12	A/T,20,7,13	A/T,13,4,9	A/T,24,5,19	A/T,33,3,30	A/T,20,3,17	A/T,15,4,11	A/T,13,7,6	A/T,35,3,32	A/T,20,8,12	A/T,14,3,11	A/T,24,4,20	A/T,28,9,19	A/T,27,3,24	A/T,29,9,20
contig178113.150	G	A	A/A,15,0,15	A/A,22,0,22	G/A,23,3,20	G/A,15,2,13	A/A,18,0,18	A/A,12,0,12	A/A,21,0,21	A/A,14,0,14	A/A,16,0,16	A/A,20,1,19	G/A,18,2,16	A/A,22,0,22	A/A,14,0,14	A/A,19,0,19	A/A,11,0,11	A/A,18,0,18	A/A,22,0,22	A/A,17,0,17	A/A,21,0,21	A/A,16,0,16	G/A,17,2,15	A/A,14,0,14
contig178113.151	T	A	A/A,15,0,15	A/A,21,0,21	T/A,22,3,19	T/A,14,2,12	A/A,17,0,17	A/A,12,0,12	A/A,21,0,21	A/A,14,0,14	A/A,15,0,15	A/A,19,1,18	T/A,18,2,16	A/A,21,0,21	A/A,13,0,13	A/A,19,0,19	A/A,10,0,10	A/A,18,0,18	A/A,21,0,21	A/A,17,0,17	A/A,22,0,22	A/A,15,0,15	T/A,16,2,14	A/A,14,0,14
contig210672.72	T	C	T/T,34,34,0	T/T,36,36,0	T/T,54,54,0	T/T,44,44,0	T/T,29,29,0	T/T,32,32,0	T/T,40,40,0	T/T,27,26,1	T/T,35,35,0	T/T,36,36,0	T/T,39,39,0	T/T,32,32,0	T/T,36,36,0	T/T,34,34,0	T/T,42,42,0	T/T,34,34,0	T/T,45,45,0	T/T,35,35,0	T/T,37,37,0	T/T,30,30,0	T/C,37,33,4	T/T,39,39,0
contig160498.105	G	A	G/A,10,7,3	G/A,22,9,13	G/A,16,8,8	G/A,13,6,7	G/A,10,5,5	G/A,21,6,15	G/A,15,9,6	G/A,7,2,5	G/A,15,7,8	A/A,17,0,17	G/A,19,8,11	G/A,12,8,4	G/A,17,8,9	G/A,19,9,10	G/A,15,7,8	G/A,15,8,7	G/A,17,8,9	G/A,14,7,7	G/A,22,6,16	G/A,15,7,8	G/A,9,4,5	G/A,17,6,11
contig108861.118	A	C	A/A,22,22,0	A/A,25,25,0	A/A,21,21,0	A/C,6,5,1	A/C,13,11,2	A/A,26,26,0	A/A,28,28,0	A/A,23,23,0	A/A,17,17,0	A/A,25,25,0	A/A,29,29,0	A/A,19,19,0	A/C,16,14,2	A/A,22,22,0	A/A,22,22,0	A/A,18,18,0	A/A,24,24,0	A/A,14,14,0	A/A,29,29,0	A/A,16,16,0	A/A,21,21,0	A/A,20,20,0
contig187111.133	C	A	C/C,39,39,0	C/C,41,41,0	C/C,32,32,0	C/C,33,33,0	C/C,34,34,0	C/C,37,37,0	C/C,40,40,0	C/C,31,31,0	C/C,37,37,0	C/C,38,38,0	C/C,39,39,0	C/C,33,33,0	C/C,33,33,0	C/A,6,4,2	C/C,40,40,0	C/C,39,39,0	C/C,38,38,0	C/C,35,35,0	C/C,38,38,0	C/C,36,36,0	C/C,33,33,0	C/C,34,34,0
contig184039.276	G	A	G/A,17,10,7	G/A,19,8,11	G/A,17,6,11	G/A,11,7,4	G/A,18,9,9	G/A,11,2,9	G/A,16,4,12	A/A,14,0,14	G/A,13,3,10	G/A,17,7,10	G/A,12,5,7	G/A,15,5,10	G/A,15,4,11	G/A,20,6,14	G/A,19,4,15	G/A,17,6,11	G/A,16,6,10	G/A,11,2,9	G/A,14,7,7	G/A,12,8,4	G/A,18,8,10	G/A,14,8,6
contig176989.85	C	A	C/A,14,8,6	C/A,19,8,11	C/A,17,10,7	C/A,14,5,9	C/A,14,2,12	A/A,12,0,12	C/A,24,4,20	C/A,11,4,7	C/A,17,4,13	C/A,19,3,16	C/A,12,2,10	C/A,14,2,12	C/A,24,8,16	C/A,20,12,8	C/A,13,3,10	C/A,18,7,11	C/A,12,2,10	C/A,14,4,10	C/A,15,5,10	C/A,14,6,8	C/A,15,6,9	C/A,21,5,16
contig176989.104	A	G	A/G,13,7,6	A/G,23,13,10	A/G,22,9,13	A/G,13,10,3	A/G,14,8,6	A/A,12,12,0	A/G,24,16,8	A/G,10,5,5	A/G,19,11,8	A/G,20,17,3	A/G,15,9,6	A/G,16,9,7	A/G,20,15,5	A/G,22,10,12	A/G,17,11,6	A/G,17,13,4	A/A,10,10,0	A/G,22,13,9	A/G,17,13,4	A/G,14,6,8	A/G,15,10,5	A/G,19,13,6
contig600143.128	A	C	A/C,22,16,6	A/C,23,15,8	A/C,17,14,3	A/C,19,12,7	A/C,24,13,11	A/C,25,19,6	A/C,18,11,7	A/C,20,17,3	A/C,25,17,8	A/C,31,20,11	A/C,19,13,6	A/C,29,20,9	A/C,26,21,5	A/C,23,16,7	A/C,26,17,9	A/C,22,14,8	A/C,23,12,11	A/C,19,11,8	A/C,24,18,6	A/C,15,10,5	A/A,21,21,0	A/C,24,16,8
contig177425.177	G	A	A/A,21,0,21	A/A,30,0,30	A/A,19,0,19	A/A,17,0,17	A/A,18,0,18	A/A,17,1,16	A/A,28,0,28	G/A,12,2,10	A/A,16,0,16	A/A,17,0,17	A/A,12,0,12	A/A,16,0,16	A/A,13,0,13	A/A,20,0,20	A/A,19,0,19	A/A,24,0,24	A/A,14,0,14	A/A,12,0,12	A/A,14,0,14	A/A,18,0,18	A/A,17,0,17	A/A,19,0,19
contig177893.289	G	C	G/C,18,12,6	G/C,15,10,5	G/C,19,15,4	G/G,31,31,0	G/C,17,12,5	G/C,12,7,5	G/C,12,9,3	G/C,17,10,7	G/C,19,14,5	G/C,12,4,8	G/C,18,15,3	G/C,17,13,4	G/C,10,7,3	G/C,14,11,3	G/C,25,17,8	G/C,18,14,4	G/C,20,12,8	G/C,13,9,4	G/C,22,17,5	G/C,20,15,5	G/C,19,15,4	G/C,14,5,9
contig181598.246	T	C	T/C,53,36,17	T/C,59,42,17	T/C,54,43,11	T/C,49,37,12	T/C,57,52,5	T/T,51,51,0	T/C,46,37,9	T/C,62,48,14	T/C,59,53,6	T/C,62,52,10	T/C,53,37,16	T/C,50,42,8	T/C,60,46,14	T/C,66,59,7	T/C,60,47,13	T/C,51,40,11	T/C,59,49,10	T/C,55,45,10	T/C,52,39,13	T/C,58,45,13	T/C,54,45,9	T/C,55,46,9
contig181598.250	T	C	T/C,50,35,15	T/C,54,39,15	T/C,49,39,10	T/C,44,34,10	T/C,51,46,5	T/T,51,51,0	T/C,42,36,6	T/C,58,45,13	T/C,55,49,6	T/C,58,51,7	T/C,48,36,12	T/C,45,39,6	T/C,54,43,11	T/C,56,48,6	T/C,56,44,12	T/C,46,37,9	T/C,55,48,7	T/C,49,42,7	T/C,47,37,10	T/C,53,42,11	T/C,49,41,8	T/C,48,40,8
contig204737.364	A	C	A/A,32,32,0	A/A,35,35,0	A/A,29,29,0	A/A,17,17,0	A/A,25,25,0	A/A,24,24,0	A/C,23,20,3	A/A,25,25,0	A/A,32,32,0	A/A,29,29,0	A/A,27,27,0	A/A,28,28,0	A/A,25,25,0	A/A,36,36,0	A/A,45,45,0	A/A,33,33,0	A/A,34,34,0	A/A,31,31,0	A/A,30,30,0	A/A,25,25,0	A/A,21,21,0	A/A,25,25,0
contig173629_74625.483	C	A	C/A,16,11,5	C/A,9,6,3	C/A,8,3,5	C/A,8,5,3	C/A,22,13,9	C/A,14,7,7	C/A,7,5,2	C/A,13,6,7	C/A,16,8,8	C/A,10,4,6	C/A,14,9,5	C/A,9,7,2	C/A,11,6,5	C/A,11,7,4	C/A,15,11,4	C/A,18,12,6	C/A,10,4,6	C/A,7,4,3	C/A,14,5,9	C/A,6,3,3	A/A,11,0,11	C/A,11,6,5
contig160134.168	A	G	A/A,44,44,0	A/A,42,42,0	A/A,47,47,0	A/A,40,40,0	A/A,39,39,0	A/G,14,12,2	A/A,44,44,0	A/A,46,46,0	A/A,47,47,0	A/A,44,44,0	A/A,49,49,0	A/A,44,44,0	A/A,42,42,0	A/A,42,42,0	A/A,40,40,0	A/A,49,49,0	A/A,39,39,0	A/A,45,45,0	A/A,42,42,0	A/A,42,42,0	A/A,39,39,0	A/A,44,44,0
contig140646.169	T	G	T/G,34,18,16	T/G,31,19,12	T/G,23,10,13	T/G,20,13,7	T/G,32,16,16	T/G,25,11,14	T/G,32,14,18	T/G,26,13,13	T/G,29,17,12	T/G,30,18,12	T/G,30,17,13	T/G,27,20,7	T/G,23,14,9	T/G,22,20,2	T/T,16,16,0	T/G,24,19,5	T/G,24,20,4	T/G,20,10,10	T/G,33,19,14	T/G,26,16,10	T/G,32,22,10	T/G,29,15,14
contig138091.116	T	G	T/T,52,52,0	T/T,53,53,0	T/T,55,55,0	T/T,47,47,0	T/T,52,52,0	T/T,47,47,0	T/T,54,54,0	T/T,43,43,0	T/T,49,49,0	T/T,50,50,0	T/T,57,57,0	T/T,50,50,0	T/T,53,53,0	T/T,17,17,0	T/T,53,53,0	T/T,51,51,0	T/T,48,48,0	T/T,56,56,0	T/T,52,52,0	T/T,49,49,0	T/T,51,51,0	T/G,17,14,3
contig78339.99	A	G	A/G,25,10,15	A/G,34,12,22	G/G,15,0,15	A/G,14,2,12	A/G,19,5,14	A/G,29,9,20	A/G,29,9,20	A/G,28,12,16	A/G,29,11,18	A/G,21,6,15	A/G,37,13,24	A/G,38,17,21	A/G,29,7,22	A/G,26,6,20	A/G,35,15,20	A/G,33,8,25	A/G,11,4,7	A/G,15,7,8	A/G,34,8,26	A/G,24,8,16	G/G,19,0,19	A/G,19,3,16
contig188468.88	C	T	C/C,37,37,0	C/C,35,35,0	C/C,24,24,0	C/C,25,25,0	C/C,26,26,0	C/C,27,27,0	C/C,33,33,0	C/C,22,22,0	C/C,30,30,0	C/C,25,25,0	C/C,32,32,0	C/C,29,29,0	C/C,25,25,0	C/C,34,34,0	C/C,37,37,0	C/T,11,9,2	C/C,31,31,0	C/C,30,30,0	C/C,28,28,0	C/C,29,29,0	C/C,33,33,0	C/T,16,14,2
contig176879.90	G	T	G/T,14,2,12	G/T,21,8,13	G/T,12,6,6	T/T,13,0,13	G/T,14,4,10	G/T,19,6,13	G/T,16,6,10	T/T,14,0,14	G/T,23,7,16	G/T,17,5,12	T/T,21,0,21	G/T,15,2,13	G/T,25,14,11	G/T,12,5,7	G/T,27,6,21	G/T,19,8,11	G/T,16,6,10	G/T,8,5,3	G/T,22,8,14	G/T,13,7,6	G/T,17,7,10	G/T,19,6,13
contig181299.75	G	C	G/G,44,44,0	G/G,46,46,0	G/C,7,5,2	G/G,42,42,0	G/G,44,44,0	G/G,50,50,0	G/G,46,46,0	G/G,39,39,0	G/G,47,47,0	G/G,46,46,0	G/G,45,45,0	G/G,44,44,0	G/G,39,39,0	G/G,49,49,0	G/G,51,51,0	G/G,48,48,0	G/G,41,41,0	G/G,40,40,0	G/G,41,41,0	G/G,42,42,0	G/G,47,47,0	G/G,44,44,0
contig181299.82	C	T	C/C,42,42,0	C/C,43,43,0	C/T,6,4,2	C/C,39,39,0	C/C,41,41,0	C/C,46,46,0	C/C,45,45,0	C/C,34,34,0	C/C,42,42,0	C/C,40,40,0	C/C,44,44,0	C/C,41,41,0	C/C,33,33,0	C/C,47,47,0	C/C,48,48,0	C/C,45,45,0	C/C,39,39,0	C/C,38,38,0	C/C,41,41,0	C/C,40,40,0	C/C,43,43,0	C/C,40,40,0
contig189466.176	G	A	A/A,47,1,46	G/A,49,8,41	G/A,45,8,37	G/A,47,8,39	G/A,45,10,35	G/A,47,4,43	G/A,49,8,41	G/A,45,5,40	G/A,46,8,38	G/A,44,6,38	G/A,45,7,38	G/A,51,8,43	G/A,46,7,39	G/A,46,6,40	A/A,50,2,48	G/A,47,6,41	G/A,46,4,42	G/A,46,7,39	G/A,48,9,39	G/A,45,4,41	G/A,46,4,42	G/A,48,4,44
contig189466.195	G	C	C/C,53,2,51	G/C,58,8,50	G/C,54,11,43	G/C,54,13,41	G/C,55,15,40	G/C,57,9,48	G/C,59,12,47	G/C,53,7,46	G/C,55,12,43	G/C,52,9,43	G/C,53,10,43	G/C,55,6,49	G/C,52,9,43	G/C,55,8,47	C/C,55,2,53	G/C,55,9,46	G/C,56,7,49	G/C,54,10,44	G/C,57,11,46	G/C,55,9,46	G/C,57,7,50	G/C,56,7,49
contig189466.197	T	A	T/T,53,51,2	T/A,57,50,7	T/A,54,43,11	T/A,54,41,13	T/A,54,39,15	T/A,57,48,9	T/A,58,46,12	T/A,54,47,7	T/A,54,42,12	T/A,52,43,9	T/A,53,43,10	T/A,55,49,6	T/A,52,43,9	T/A,55,47,8	T/T,54,53,1	T/A,54,46,8	T/A,56,49,7	T/A,53,44,9	T/A,57,46,11	T/A,55,46,9	T/A,56,49,7	T/A,57,49,8
contig189466.206	G	A	A/A,42,1,41	G/A,47,5,42	G/A,45,9,36	G/A,44,11,33	G/A,45,10,35	G/A,46,8,38	G/A,48,9,39	G/A,44,6,38	G/A,44,8,36	G/A,43,6,37	G/A,43,8,35	G/A,45,5,40	G/A,41,8,33	G/A,44,6,38	A/A,44,0,44	G/A,44,7,37	G/A,46,5,41	G/A,43,6,37	G/A,48,8,40	G/A,45,6,39	G/A,48,4,44	G/A,47,7,40
contig149410.183	A	G	A/G,15,4,11	A/G,16,4,12	A/G,13,7,6	A/G,12,6,6	A/G,8,2,6	A/G,14,6,8	A/G,14,7,7	A/G,20,9,11	A/G,15,7,8	A/G,14,5,9	A/G,19,7,12	A/G,13,8,5	G/G,11,0,11	A/G,18,7,11	A/G,14,7,7	A/G,17,9,8	A/G,9,4,5	A/G,7,5,2	A/G,17,7,10	A/G,13,5,8	A/G,7,4,3	A/G,21,8,13
contig152222.49	G	C	G/G,40,40,0	G/G,34,34,0	G/G,45,45,0	G/G,33,33,0	G/G,35,35,0	G/C,50,45,5	G/G,34,34,0	G/G,36,36,0	G/G,34,34,0	G/G,35,35,0	G/G,34,34,0	G/G,33,33,0	G/G,72,69,3	G/G,34,34,0	G/G,36,36,0	G/G,45,45,0	G/G,34,34,0	G/G,34,34,0	G/G,34,34,0	G/G,33,33,0	G/G,64,62,2	G/G,67,65,2
contig152222.51	C	G	C/G,69,19,50	C/G,73,57,16	C/G,71,42,29	C/G,62,36,26	C/C,64,61,3	C/G,50,43,7	C/G,75,18,57	C/G,73,56,17	C/G,79,63,16	G/G,69,0,69	G/G,74,2,72	G/G,67,3,64	C/G,74,49,25	C/G,81,66,15	G/G,74,0,74	C/G,74,7,67	C/G,66,24,42	C/G,65,48,17	C/G,76,60,16	G/G,68,0,68	G/G,66,3,63	G/G,68,3,65
contig152222.68	T	C	T/C,65,45,20	T/C,71,16,55	T/C,67,28,39	T/C,65,24,41	T/C,67,10,57	T/C,50,16,34	T/C,70,56,14	T/C,72,12,60	T/C,81,16,65	T/T,72,72,0	T/T,74,74,0	T/T,63,60,3	T/C,72,32,40	T/C,77,18,59	T/T,76,76,0	T/C,71,64,7	T/C,60,37,23	T/C,62,16,46	T/C,72,13,59	T/T,68,68,0	T/T,66,66,0	T/T,64,64,0
contig152222.294	C	G	C/G,59,12,47	C/G,59,40,19	C/G,50,29,21	C/G,43,30,13	C/C,53,51,2	C/G,25,20,5	C/G,54,6,48	C/G,63,50,13	C/G,64,47,17	G/G,49,0,49	G/G,62,0,62	C/G,51,5,46	C/G,57,34,23	C/G,60,43,17	G/G,63,2,61	C/G,51,7,44	C/G,54,12,42	C/G,44,27,17	C/G,53,35,18	G/G,49,1,48	G/G,51,0,51	G/G,58,2,56
contig113635.308	C	G	C/G,16,7,9	C/G,20,5,15	C/G,19,6,13	C/G,10,3,7	C/G,26,7,19	C/G,15,5,10	C/G,14,5,9	C/G,19,4,15	C/G,22,11,11	G/G,17,0,17	C/G,18,6,12	C/G,20,7,13	C/G,16,7,9	C/G,22,7,15	C/G,21,7,14	C/G,21,9,12	C/G,22,8,14	C/G,17,4,13	C/G,23,11,12	C/G,17,9,8	C/G,12,4,8	C/G,17,8,9
contig185493.46	C	T	C/T,14,11,3	C/C,24,24,0	C/C,29,29,0	C/C,26,26,0	C/C,29,29,0	C/C,36,36,0	C/C,34,34,0	C/C,29,29,0	C/C,29,29,0	C/C,33,33,0	C/C,27,27,0	C/C,34,34,0	C/C,33,33,0	C/C,27,27,0	C/C,38,38,0	C/C,37,37,0	C/C,31,31,0	C/C,28,28,0	C/C,33,33,0	C/C,30,30,0	C/C,36,36,0	C/C,38,38,0
contig176258.140	A	G	A/G,35,30,5	A/A,69,69,0	A/G,31,26,5	A/G,24,18,6	A/A,65,65,0	A/A,71,71,0	A/G,38,33,5	A/A,68,68,0	A/G,32,26,6	A/A,69,69,0	A/G,11,6,5	A/A,73,73,0	A/G,9,4,5	A/G,29,23,6	A/A,69,69,0	A/G,32,27,5	A/A,66,66,0	A/G,38,33,5	A/G,33,27,6	A/G,33,28,5	A/A,73,73,0	A/G,34,29,5
contig151773.353	A	G	A/G,24,19,5	A/G,30,23,7	A/G,28,24,4	A/G,22,17,5	A/G,23,15,8	A/A,28,27,1	A/G,34,27,7	A/G,23,19,4	A/G,33,23,10	A/G,35,29,6	A/G,32,22,10	A/G,33,25,8	A/G,27,23,4	A/G,30,21,9	A/G,36,25,11	A/G,35,24,11	A/G,25,17,8	A/G,25,16,9	A/G,27,18,9	A/G,28,18,10	A/G,28,20,8	A/G,26,22,4
contig151873.25	C	A	C/A,15,8,7	C/A,13,7,6	C/A,10,4,6	C/A,9,5,4	C/A,11,5,6	C/A,15,4,11	C/A,12,6,6	C/A,16,10,6	C/A,12,6,6	C/A,13,4,9	C/A,18,9,9	C/A,12,4,8	C/A,16,9,7	C/A,23,10,13	C/A,13,7,6	C/A,20,12,8	A/A,14,0,14	C/A,18,11,7	C/A,14,6,8	C/A,13,8,5	C/A,14,8,6	C/A,14,6,8
contig155089.140	T	A	T/T,39,39,0	T/T,39,39,0	T/T,35,35,0	T/T,31,31,0	T/T,32,32,0	T/T,35,35,0	T/T,36,36,0	T/T,36,36,0	T/T,32,32,0	T/A,32,29,3	T/T,32,32,0	T/T,38,38,0	T/T,37,37,0	T/T,33,33,0	T/T,23,23,0	T/T,39,39,0	T/A,26,22,4	T/T,34,34,0	T/T,36,36,0	T/T,33,33,0	T/T,35,35,0	T/T,30,30,0
contig181255.188	C	T	C/T,10,4,6	C/T,19,15,4	C/T,19,13,6	C/T,5,3,2	C/T,12,8,4	C/T,16,8,8	C/T,17,13,4	C/T,13,5,8	C/T,9,6,3	C/T,19,11,8	C/T,24,12,12	C/T,14,8,6	C/T,14,6,8	C/T,17,11,6	C/T,12,9,3	C/T,12,5,7	C/C,17,17,0	C/T,11,9,2	C/T,15,11,4	C/T,15,8,7	C/T,15,12,3	C/T,15,11,4
contig186034.212	T	G	G/G,42,1,41	T/G,39,8,31	T/G,39,12,27	T/G,21,6,15	T/G,26,7,19	T/G,25,5,20	T/G,44,9,35	T/G,30,8,22	T/G,43,11,32	T/G,40,8,32	T/G,50,8,42	T/G,47,12,35	T/G,34,10,24	T/G,44,11,33	T/G,39,8,31	T/G,38,11,27	T/G,42,17,25	T/G,30,7,23	T/G,26,10,16	T/G,37,8,29	T/G,31,7,24	T/G,42,8,34
contig180873.194	T	G	T/G,25,8,17	T/G,19,5,14	T/G,25,11,14	T/G,13,3,10	G/G,12,0,12	T/G,24,10,14	T/G,19,7,12	T/G,18,7,11	T/G,16,5,11	T/G,30,11,19	T/G,21,7,14	T/G,34,11,23	T/G,22,6,16	T/G,17,6,11	T/G,24,9,15	T/G,27,8,19	T/G,17,4,13	T/G,14,4,10	T/G,22,9,13	T/G,24,7,17	T/G,20,5,15	T/G,25,4,21
contig165681.109	G	C	G/C,19,13,6	G/C,8,2,6	G/C,20,12,8	G/C,11,5,6	G/C,22,11,11	G/C,19,13,6	G/C,16,4,12	G/C,14,7,7	G/C,14,8,6	G/C,11,5,6	G/C,18,11,7	G/C,12,5,7	G/C,18,9,9	G/C,17,12,5	G/C,15,9,6	G/C,15,4,11	G/C,14,6,8	G/C,11,4,7	G/C,7,2,5	C/C,13,0,13	G/C,14,9,5	G/C,13,2,11
contig189281_203950.666	G	A	G/A,29,23,6	G/A,31,23,8	G/G,22,22,0	G/A,19,11,8	G/A,23,17,6	G/A,34,31,3	G/A,27,18,9	G/A,24,14,10	G/A,22,15,7	G/A,24,19,5	G/G,18,18,0	G/A,26,19,7	G/A,22,16,6	G/A,33,24,9	G/A,24,19,5	G/A,22,18,4	G/G,18,18,0	G/A,30,19,11	G/G,18,18,0	G/A,28,16,12	G/A,21,15,6	G/A,27,23,4
contig189281_203950.669	G	C	G/C,27,21,6	G/C,30,22,8	G/G,23,23,0	G/C,18,10,8	G/C,23,18,5	G/C,32,29,3	G/C,26,18,8	G/C,22,14,8	G/C,19,12,7	G/C,22,18,4	G/G,19,19,0	G/C,25,18,7	G/C,21,17,4	G/C,31,23,8	G/C,24,19,5	G/C,21,18,3	G/G,18,18,0	G/C,28,19,9	G/G,17,17,0	G/C,27,15,12	G/C,20,14,6	G/C,25,22,3
contig600209.339	G	T	G/T,14,11,3	G/G,44,44,0	G/T,16,12,4	G/T,16,13,3	G/T,18,11,7	G/T,15,9,6	G/T,12,8,4	G/T,11,8,3	G/T,14,9,5	G/T,18,9,9	G/T,15,8,7	G/T,17,15,2	G/T,15,10,5	G/T,21,14,7	G/T,19,15,4	G/T,17,10,7	G/T,16,13,3	G/T,18,12,6	G/T,16,13,3	G/T,17,9,8	G/T,21,15,6	G/T,16,12,4
contig153761.425	C	A	A/A,11,0,11	A/A,9,0,9	A/A,12,0,12	C/A,4,0,4	A/A,15,0,15	A/A,10,0,10	A/A,12,0,12	A/A,11,0,11	A/A,11,0,11	A/A,11,0,11	A/A,12,0,12	A/A,12,0,12	A/A,10,0,10	A/A,14,0,14	A/A,9,0,9	A/A,12,0,12	A/A,13,0,13	A/A,11,0,11	A/A,11,0,11	A/A,10,0,10	A/A,10,0,10	A/A,14,0,14
contig171524.304	C	T	C/C,55,55,0	C/C,56,56,0	C/C,49,49,0	C/C,23,23,0	C/C,52,52,0	C/C,51,51,0	C/T,28,25,3	C/C,48,48,0	C/C,57,57,0	C/C,57,57,0	C/C,27,26,1	C/C,56,56,0	C/C,47,47,0	C/C,57,57,0	C/C,55,55,0	C/C,55,55,0	C/C,48,48,0	C/C,52,52,0	C/C,52,52,0	C/T,22,19,3	C/C,55,55,0	C/C,57,57,0
contig72031.321	G	C	G/C,18,8,10	G/C,20,6,14	G/C,17,5,12	C/C,12,0,12	G/C,18,3,15	G/C,16,4,12	G/C,22,9,13	G/C,18,6,12	G/C,22,13,9	G/C,14,6,8	G/C,19,7,12	G/C,16,8,8	G/C,23,8,15	G/C,15,4,11	G/C,17,9,8	G/C,16,7,9	G/C,16,2,14	G/C,11,2,9	G/C,16,2,14	G/C,20,9,11	G/C,20,9,11	G/C,20,5,15
contig72031.325	A	G	A/G,19,7,12	A/G,20,6,14	A/G,17,5,12	G/G,11,0,11	A/G,19,3,16	A/G,17,4,13	A/G,21,8,13	A/G,16,5,11	A/G,21,13,8	A/G,15,6,9	A/G,20,6,14	A/G,17,8,9	A/G,23,7,16	A/G,15,4,11	A/G,18,9,9	A/G,15,6,9	A/G,15,2,13	A/G,12,2,10	A/G,17,2,15	A/G,19,8,11	A/G,20,8,12	A/G,19,4,15
contig147906.1190	A	G	G/G,19,0,19	G/G,17,0,17	G/G,18,0,18	A/G,7,0,7	G/G,17,0,17	G/G,18,0,18	G/G,17,0,17	G/G,13,0,13	G/G,14,0,14	G/G,15,0,15	G/G,17,0,17	G/G,19,0,19	G/G,10,0,10	G/G,19,0,19	G/G,18,0,18	G/G,18,0,18	G/G,16,0,16	G/G,18,0,18	G/G,21,0,21	G/G,17,0,17	G/G,14,0,14	G/G,12,0,12
contig147906.1191	A	G	G/G,19,0,19	G/G,16,0,16	G/G,19,0,19	A/G,8,0,8	G/G,19,0,19	G/G,19,0,19	G/G,17,0,17	G/G,15,0,15	G/G,14,0,14	G/G,17,0,17	G/G,18,0,18	G/G,19,0,19	G/G,12,0,12	G/G,19,0,19	G/G,19,0,19	G/G,20,0,20	G/G,17,0,17	G/G,18,0,18	G/G,21,0,21	G/G,18,0,18	G/G,15,0,15	G/G,14,0,14
contig151485.153	A	G	A/A,47,46,1	A/A,58,58,0	A/A,44,43,1	A/A,38,38,0	A/G,40,35,5	A/A,48,48,0	A/A,40,38,2	A/A,37,37,0	A/A,43,43,0	A/A,43,43,0	A/A,44,44,0	A/A,47,47,0	A/A,48,46,2	A/A,56,56,0	A/G,43,38,5	A/A,49,49,0	A/A,48,48,0	A/A,46,46,0	A/A,48,48,0	A/A,47,47,0	A/A,47,47,0	A/A,50,48,2
contig211817.234	C	T	C/C,14,12,0	C/T,16,9,7	C/T,18,14,4	C/T,10,8,2	C/T,14,9,5	C/T,14,7,7	C/T,9,5,4	C/T,15,10,5	C/T,15,9,6	C/T,22,15,7	C/T,15,11,4	C/T,16,13,3	C/T,18,13,5	C/T,11,7,4	C/T,22,17,5	C/T,18,16,2	C/T,13,6,7	C/T,14,12,2	C/T,12,8,4	C/T,18,12,6	C/T,16,8,8	C/T,18,9,9
contig211817.235	T	G	T/T,14,12,0	T/G,16,9,7	T/G,18,14,4	T/G,10,8,2	T/G,15,10,5	T/G,14,7,7	T/G,9,5,4	T/G,15,10,5	T/G,15,9,6	T/G,22,15,7	T/G,15,11,4	T/G,16,13,3	T/G,18,13,5	T/G,12,8,4	T/G,22,17,5	T/G,16,14,2	T/G,12,5,7	T/G,13,11,2	T/G,12,8,4	T/G,18,12,6	T/G,16,8,8	T/G,17,9,8
contig111974.40	A	G	A/A,26,26,0	A/A,33,33,0	A/A,32,32,0	A/A,28,28,0	A/A,37,37,0	A/A,28,28,0	A/A,30,30,0	A/A,27,27,0	A/A,31,31,0	A/A,32,32,0	A/A,30,30,0	A/G,12,10,2	A/A,33,33,0	A/A,36,36,0	A/A,29,29,0	A/A,32,32,0	A/A,33,33,0	A/A,38,38,0	A/A,22,22,0	A/A,34,34,0	A/A,28,28,0	A/A,36,36,0
contig116978.66	T	C	T/C,23,9,14	T/C,20,10,10	T/C,20,11,9	C/C,13,0,13	T/C,23,7,16	T/C,26,9,17	T/C,30,9,21	T/C,18,5,13	T/C,24,9,15	T/C,25,10,15	T/C,26,10,16	T/C,18,8,10	T/C,20,7,13	T/C,28,12,16	T/C,25,6,19	T/C,24,7,17	T/C,25,8,17	T/C,18,7,11	T/C,22,15,7	T/C,23,6,17	T/C,20,5,15	T/C,23,7,16
contig13654.130	T	C	C/C,11,0,11	T/C,15,7,8	T/C,16,5,11	T/C,7,2,5	T/C,17,6,11	T/C,13,4,9	T/C,18,7,11	T/C,16,5,11	T/C,13,2,11	T/C,14,3,11	T/C,19,6,13	T/C,15,4,11	T/C,12,2,10	T/C,19,5,14	T/C,13,4,9	T/C,16,7,9	T/C,13,2,11	T/C,11,6,5	T/C,14,5,9	T/C,12,5,7	T/C,12,6,6	T/C,16,3,13
contig186523.144	C	A	C/C,29,29,0	C/C,28,28,0	C/C,33,33,0	C/C,28,28,0	C/A,4,2,2	C/C,32,32,0	C/C,28,28,0	C/C,28,28,0	C/C,27,27,0	C/C,26,26,0	C/C,30,30,0	C/C,30,30,0	C/C,33,33,0	C/C,32,32,0	C/C,30,30,0	C/C,25,25,0	C/C,32,32,0	C/C,29,29,0	C/C,29,29,0	C/C,29,29,0	C/C,31,31,0	C/C,27,27,0
contig178101.168	C	G	C/G,39,11,28	C/G,46,7,39	C/G,51,10,41	C/G,34,5,29	C/G,19,14,5	C/G,15,11,4	C/G,24,3,21	C/G,18,10,8	C/G,15,12,3	C/G,14,10,4	C/G,16,14,2	C/G,20,15,5	C/C,12,12,0	C/C,16,16,0	C/G,5,2,3	C/G,17,14,3	C/G,23,14,9	C/G,23,10,13	C/G,41,13,28	C/G,18,10,8	C/G,26,6,20	C/G,16,11,5
contig202303.909	A	G	A/G,30,20,10	A/G,42,33,9	A/A,30,28,2	A/G,23,18,5	A/G,32,24,8	A/G,34,26,8	A/G,32,21,11	A/G,30,25,5	A/G,39,32,7	A/G,33,22,11	A/A,33,33,0	A/G,30,20,10	A/G,35,23,12	A/G,36,22,14	A/G,29,25,4	A/G,30,25,5	A/G,32,26,6	A/G,29,18,11	A/G,35,29,6	A/G,33,25,8	A/G,27,21,6	A/G,31,24,7
contig176251.477	G	A	G/A,25,16,9	G/A,36,12,24	G/A,30,13,17	G/A,15,6,9	G/A,35,19,16	G/A,29,18,11	A/A,15,0,15	G/A,35,21,14	G/A,30,16,14	G/A,24,8,16	G/A,21,12,9	G/A,37,18,19	G/A,30,15,15	G/A,38,17,21	G/A,21,11,10	G/A,30,13,17	G/A,26,11,15	G/A,36,19,17	G/A,26,15,11	A/A,17,0,17	G/A,22,7,15	G/A,25,10,15
contig184130.117	A	G	A/G,30,26,4	A/G,39,27,12	A/G,28,22,6	A/G,21,15,6	A/G,30,24,6	A/G,27,21,6	A/G,34,26,8	A/G,37,26,11	A/G,28,22,6	A/G,33,26,7	A/G,33,22,11	A/G,36,29,7	A/G,30,26,4	A/G,32,23,9	A/G,15,12,3	A/G,32,22,10	A/A,34,33,1	A/G,31,24,7	A/G,22,13,9	A/G,24,19,5	A/G,35,23,12	A/G,36,22,14
contig209257.273	A	G	A/G,43,27,16	A/G,43,31,12	A/G,40,28,12	A/G,28,19,9	A/G,31,21,10	A/G,37,30,7	A/G,37,24,13	A/A,29,29,0	A/G,38,26,12	A/G,31,18,13	A/G,42,31,11	A/G,46,31,15	A/G,34,19,15	A/G,40,24,16	A/G,42,29,13	A/G,40,21,19	A/G,42,30,12	A/G,32,17,15	A/G,39,23,16	A/G,47,36,11	A/G,44,30,14	A/G,36,25,11
contig182577.269	T	C	T/T,27,26,1	T/T,54,54,0	T/T,24,24,0	T/C,16,14,2	T/T,44,44,0	T/T,19,19,0	T/T,45,45,0	T/T,40,40,0	T/T,32,32,0	T/T,40,40,0	T/T,50,50,0	T/T,48,48,0	T/T,45,45,0	T/T,47,47,0	T/T,48,48,0	T/T,44,44,0	T/T,19,19,0	T/T,38,38,0	T/T,43,43,0	T/T,45,45,0	T/T,44,44,0	T/T,28,27,1
contig150733_48685.606	C	A	C/A,19,10,9	C/A,21,7,14	C/A,22,8,14	C/A,16,5,11	C/A,25,8,17	C/A,18,8,10	C/A,23,9,14	C/A,19,6,13	C/A,20,6,14	A/A,17,0,17	C/A,28,12,16	C/A,23,10,13	C/A,25,11,14	C/A,27,10,17	C/A,20,10,10	C/A,22,9,13	C/A,19,8,11	C/A,17,11,6	C/A,28,11,17	C/A,19,10,9	C/A,17,7,10	C/A,16,5,11
contig142456.157	C	A	C/C,35,35,0	C/C,52,52,0	C/C,50,50,0	C/C,42,42,0	C/C,50,50,0	C/C,49,49,0	C/C,44,44,0	C/A,12,8,4	C/C,51,51,0	C/C,51,51,0	C/C,55,55,0	C/A,25,22,3	C/C,51,51,0	C/C,50,50,0	C/A,10,8,2	C/A,19,16,3	C/C,45,45,0	C/C,46,46,0	C/C,45,45,0	C/C,50,50,0	C/C,50,50,0	C/C,55,55,0
contig142456.158	T	G	T/T,35,35,0	T/T,52,52,0	T/T,50,50,0	T/T,41,41,0	T/T,50,50,0	T/T,50,50,0	T/T,44,44,0	T/G,12,10,2	T/T,51,51,0	T/T,51,51,0	T/T,55,55,0	T/G,26,23,3	T/T,51,51,0	T/T,50,50,0	T/T,57,57,0	T/T,52,52,0	T/T,45,45,0	T/T,46,46,0	T/T,45,45,0	T/T,50,50,0	T/T,50,50,0	T/T,55,55,0
contig150784.115	A	C	A/C,40,29,11	A/A,32,32,0	A/A,36,36,0	A/A,28,28,0	A/A,34,34,0	A/A,38,38,0	A/A,39,39,0	A/A,38,38,0	A/A,29,29,0	A/A,25,25,0	A/A,42,42,0	A/A,30,30,0	A/A,33,33,0	A/A,34,34,0	A/A,46,46,0	A/A,35,35,0	A/A,41,41,0	A/A,34,34,0	A/A,43,43,0	A/A,38,38,0	A/A,33,33,0	A/A,35,35,0
contig160026.124	G	C	G/C,23,9,14	G/C,17,10,7	G/C,25,15,10	G/C,11,5,6	G/C,15,6,9	G/C,23,12,11	G/C,27,12,15	G/C,15,5,10	G/G,12,12,0	G/C,17,6,11	G/C,23,14,9	G/C,18,6,12	G/C,19,6,13	G/C,19,11,8	G/C,21,10,11	G/C,24,13,11	G/C,13,5,8	G/C,17,10,7	G/C,20,12,8	G/C,18,11,7	G/C,16,6,10	G/C,25,9,16
contig172025.48	C	A	C/A,15,3,12	C/A,21,8,13	C/A,15,3,12	C/A,10,5,5	C/A,21,8,13	C/A,47,27,20	C/A,18,2,16	C/A,33,10,23	C/A,23,4,19	C/A,11,2,9	C/A,28,14,14	C/A,18,8,10	C/A,18,2,16	C/A,21,3,18	C/A,20,9,11	C/A,16,6,10	C/A,8,3,5	A/A,13,0,13	C/A,21,7,14	C/A,12,2,10	C/A,8,2,6	C/A,12,5,7
contig172025.49	C	G	C/G,15,3,12	C/G,21,8,13	C/G,15,3,12	C/G,11,5,6	C/G,21,7,14	C/G,48,27,21	C/G,18,2,16	C/G,33,10,23	C/G,24,4,20	C/G,12,2,10	C/G,28,14,14	C/G,18,8,10	C/G,18,2,16	C/G,21,3,18	C/G,20,9,11	C/G,16,6,10	C/G,8,3,5	G/G,13,0,13	C/G,21,7,14	C/G,12,2,10	C/G,8,2,6	C/G,12,5,7
contig187245.187	G	A	A/A,25,0,25	A/A,30,0,30	A/A,27,0,27	G/A,16,3,13	A/A,25,0,25	A/A,24,0,24	A/A,22,0,22	A/A,24,0,24	A/A,22,0,22	A/A,23,0,23	A/A,24,0,24	A/A,23,0,23	A/A,29,0,29	A/A,26,0,26	A/A,31,0,31	A/A,26,0,26	A/A,27,0,27	A/A,23,0,23	A/A,22,0,22	A/A,27,0,27	A/A,26,0,26	A/A,21,0,21
contig187245.188	C	A	A/A,25,0,25	A/A,30,0,30	A/A,26,0,26	C/A,15,2,13	A/A,25,0,25	A/A,24,0,24	A/A,21,0,21	A/A,24,0,24	A/A,21,0,21	A/A,23,0,23	A/A,24,0,24	A/A,23,0,23	A/A,29,0,29	A/A,26,0,26	A/A,31,0,31	A/A,26,0,26	A/A,26,0,26	A/A,22,0,22	A/A,22,0,22	A/A,27,0,27	A/A,26,0,26	A/A,21,0,21
contig193689.121	T	C	C/C,11,0,11	T/C,17,6,11	T/C,10,2,8	T/C,12,2,10	T/C,13,3,10	T/C,19,6,13	T/C,18,6,12	T/C,14,3,11	T/C,13,3,10	T/C,9,2,7	T/C,10,2,8	T/C,14,3,11	T/C,16,4,12	T/C,21,8,13	T/C,17,3,14	T/C,18,2,16	T/C,13,4,9	C/C,14,0,14	T/C,17,3,14	T/C,13,5,8	T/C,12,4,8	T/C,11,3,8
contig180045.137	C	T	C/C,28,28,0	C/C,36,36,0	C/C,38,38,0	C/C,29,29,0	C/C,38,38,0	C/C,32,32,0	C/C,42,42,0	C/C,33,33,0	C/C,32,32,0	C/C,28,28,0	C/C,36,36,0	C/T,8,6,2	C/C,36,36,0	C/C,34,34,0	C/C,36,36,0	C/C,37,37,0	C/C,31,31,0	C/C,34,34,0	C/C,39,39,0	C/C,33,33,0	C/C,34,34,0	C/C,34,34,0
contig186243.165	G	T	G/G,47,47,0	G/G,55,55,0	G/G,47,47,0	G/G,38,38,0	G/G,46,46,0	G/T,5,3,2	G/G,50,50,0	G/G,41,41,0	G/G,47,47,0	G/G,50,50,0	G/T,6,4,2	G/G,46,46,0	G/G,50,50,0	G/G,44,44,0	G/G,50,50,0	G/G,45,45,0	G/G,47,47,0	G/G,48,48,0	G/G,46,46,0	G/G,46,46,0	G/G,51,51,0	G/G,51,51,0
contig185287.153	A	G	A/A,43,42,1	A/A,47,47,0	A/A,47,47,0	A/A,27,27,0	A/A,46,46,0	A/A,47,47,0	A/A,36,36,0	A/A,39,39,0	A/A,42,41,1	A/A,45,45,0	A/G,51,47,4	A/A,47,47,0	A/A,46,46,0	A/A,47,47,0	A/A,34,34,0	A/A,57,57,0	A/A,51,51,0	A/A,46,46,0	A/A,44,44,0	A/A,34,34,0	A/A,50,50,0	A/A,46,46,0
contig219283.146	A	C	C/C,13,0,13	C/C,16,0,16	A/C,13,2,11	C/C,13,0,13	A/C,16,2,14	C/C,13,0,13	C/C,13,0,13	C/C,15,0,15	C/C,11,0,11	A/C,15,2,13	A/C,25,3,22	C/C,12,0,12	C/C,17,0,17	C/C,15,0,15	C/C,26,0,26	A/C,18,2,16	C/C,18,0,18	A/C,12,2,10	A/C,16,3,13	C/C,14,0,14	C/C,16,0,16	C/C,12,0,12
contig219283.150	T	G	G/G,13,0,13	G/G,18,0,18	T/G,13,2,11	G/G,13,0,13	T/G,16,2,14	G/G,16,0,16	G/G,16,0,16	G/G,14,0,14	G/G,12,0,12	T/G,16,2,14	T/G,25,3,22	G/G,14,0,14	G/G,17,0,17	G/G,18,0,18	G/G,27,0,27	T/G,17,2,15	G/G,19,0,19	T/G,12,2,10	T/G,17,3,14	G/G,14,0,14	G/G,16,0,16	G/G,14,0,14
contig205376.95	A	G	A/G,13,4,9	G/G,11,0,11	A/G,16,8,8	A/G,12,4,8	A/G,14,6,8	A/G,14,3,11	A/G,18,8,10	A/G,15,4,11	A/G,20,12,8	A/G,11,3,8	A/G,14,4,10	A/G,10,6,4	A/G,14,6,8	A/G,15,6,9	A/G,25,9,16	A/G,10,2,8	A/G,16,7,9	A/G,14,6,8	A/G,20,9,11	A/G,9,4,5	A/G,13,4,9	A/G,15,6,9
contig111078_179790.371	A	C	C/C,17,0,17	A/C,19,3,16	C/C,12,0,12	C/C,13,0,13	C/C,16,0,16	C/C,17,0,17	C/C,12,0,12	C/C,17,0,17	C/C,12,0,12	A/C,17,2,15	A/C,14,2,12	C/C,14,0,14	C/C,12,0,12	A/C,18,2,16	C/C,17,0,17	C/C,18,0,18	C/C,13,0,13	C/C,20,0,20	C/C,12,0,12	A/C,25,4,21	A/C,11,2,9	A/C,19,2,17
contig111078_179790.375	C	T	C/T,15,3,12	C/T,18,9,9	T/T,10,0,10	C/T,11,4,7	C/T,15,7,8	C/T,14,3,11	C/T,12,4,8	C/T,16,8,8	C/T,12,2,10	C/T,15,5,10	C/T,13,8,5	C/T,14,3,11	T/T,12,0,12	C/T,16,6,10	C/T,17,7,10	C/T,18,8,10	C/T,12,3,9	C/T,18,3,15	C/T,12,3,9	C/T,22,10,12	C/T,11,5,6	C/T,18,9,9
contig152508.369	T	C	T/C,22,16,6	T/T,31,31,0	T/T,49,49,0	T/T,44,44,0	T/T,46,46,0	T/T,61,61,0	T/T,41,41,0	T/T,48,48,0	T/T,73,73,0	T/T,55,55,0	T/C,38,31,7	T/C,12,4,8	T/T,52,52,0	T/T,43,43,0	T/C,14,10,4	T/T,39,39,0	T/T,40,40,0	T/T,52,52,0	T/T,54,54,0	T/C,9,5,4	T/T,46,46,0	T/C,18,11,7
contig152508.374	A	G	A/G,22,15,7	A/A,34,34,0	A/A,49,49,0	A/A,44,44,0	A/A,46,46,0	A/A,61,61,0	A/A,41,41,0	A/A,67,67,0	A/A,73,73,0	A/A,60,60,0	A/G,38,31,7	A/G,13,4,9	A/A,52,52,0	A/A,43,43,0	A/G,14,10,4	A/A,40,40,0	A/A,40,40,0	A/A,52,52,0	A/A,58,58,0	A/G,10,5,5	A/A,45,45,0	A/G,21,13,8
contig170784.392	A	T	A/T,18,5,13	A/T,19,4,15	A/T,8,4,4	A/T,15,3,12	A/T,14,4,10	A/T,17,5,12	A/T,14,3,11	A/T,16,4,12	A/T,13,6,7	A/T,16,3,13	A/T,22,4,18	A/T,18,3,15	A/T,11,6,5	A/T,17,6,11	A/T,19,4,15	A/T,16,6,10	T/T,10,0,10	A/T,10,4,6	A/T,15,2,13	A/T,13,6,7	A/T,16,2,14	A/T,16,4,12
contig187079.130	C	G	C/G,14,12,2	C/C,67,67,0	C/C,57,57,0	C/C,46,46,0	C/C,61,61,0	C/C,57,57,0	C/C,54,54,0	C/C,46,46,0	C/C,59,59,0	C/C,59,59,0	C/C,61,61,0	C/C,59,59,0	C/C,49,49,0	C/C,61,61,0	C/C,67,67,0	C/C,54,54,0	C/C,54,54,0	C/C,49,49,0	C/C,55,55,0	C/C,60,60,0	C/C,50,50,0	C/C,64,64,0
contig187079.153	A	G	A/A,48,48,0	A/A,49,49,0	A/A,43,43,0	A/G,19,17,2	A/A,48,48,0	A/A,44,44,0	A/A,49,49,0	A/A,35,35,0	A/A,48,48,0	A/A,48,48,0	A/A,55,55,0	A/A,48,48,0	A/A,40,40,0	A/A,53,53,0	A/G,18,10,8	A/A,42,42,0	A/A,39,39,0	A/A,42,42,0	A/A,18,18,0	A/A,45,45,0	A/A,42,42,0	A/A,51,51,0
contig187079.161	T	C	T/T,42,42,0	T/T,41,41,0	T/T,37,37,0	T/C,18,16,2	T/T,37,37,0	T/T,34,34,0	T/T,37,37,0	T/T,26,26,0	T/T,34,34,0	T/T,39,39,0	T/T,42,42,0	T/T,39,39,0	T/T,30,30,0	T/T,43,43,0	T/C,14,7,7	T/T,30,30,0	T/T,28,28,0	T/T,34,34,0	T/T,35,35,0	T/T,35,35,0	T/T,33,33,0	T/T,35,35,0
contig179303_125663.295	C	T	C/T,29,20,9	C/T,32,26,6	C/T,33,25,8	C/T,16,12,4	C/T,26,17,9	C/T,30,18,12	C/T,30,17,13	C/T,9,7,2	C/T,21,18,3	C/T,24,20,4	C/T,22,19,3	C/T,24,13,11	C/T,22,14,8	C/T,35,23,12	C/T,32,16,16	C/T,32,21,11	C/T,33,24,9	C/T,22,17,5	C/C,16,16,0	C/T,22,15,7	C/T,28,25,3	C/T,19,13,6
contig155908_149865_104760_177610.1491	T	C	T/C,11,8,3	T/C,18,13,5	T/C,16,12,4	T/C,9,6,3	T/C,15,9,6	T/C,9,5,4	T/C,17,11,6	T/C,13,11,2	T/C,16,8,8	T/C,11,7,4	T/T,14,14,0	T/C,17,9,8	T/C,17,9,8	T/C,17,10,7	T/C,17,11,6	T/C,18,14,4	T/C,13,8,5	T/C,3,1,2	T/C,18,10,8	T/C,12,9,3	T/C,8,5,3	T/C,10,5,5
contig77957.308	C	T	C/T,34,29,5	C/T,45,31,14	C/T,38,28,10	C/T,31,20,11	C/T,31,24,7	C/T,29,20,9	C/T,39,23,16	C/T,24,18,6	C/C,33,32,1	C/T,36,30,6	C/T,40,30,10	C/T,33,28,5	C/T,32,21,11	C/T,44,32,12	C/T,26,20,6	C/T,40,27,13	C/T,29,22,7	C/T,30,23,7	C/T,25,17,8	C/T,36,26,10	C/T,28,24,4	C/C,42,40,2
contig171889.58	A	G	G/G,22,0,22	G/G,20,0,20	G/G,24,0,24	G/G,14,0,14	G/G,19,0,19	G/G,15,0,15	A/G,31,6,25	A/G,25,6,19	G/G,12,0,12	G/G,19,0,19	G/G,17,0,17	G/G,18,0,18	G/G,18,0,18	A/G,20,4,16	A/G,19,3,16	G/G,20,0,20	G/G,21,0,21	G/G,19,0,19	G/G,18,0,18	G/G,18,0,18	G/G,13,0,13	G/G,23,0,23
contig171889.62	C	G	G/G,22,0,22	G/G,20,0,20	G/G,25,0,25	G/G,15,0,15	G/G,20,0,20	G/G,16,0,16	C/G,30,6,24	C/G,25,6,19	G/G,13,0,13	G/G,19,0,19	G/G,17,0,17	G/G,19,0,19	G/G,17,0,17	C/G,22,4,18	C/G,20,3,17	G/G,21,0,21	G/G,20,0,20	G/G,19,0,19	G/G,20,0,20	G/G,17,0,17	G/G,15,0,15	G/G,24,0,24
contig178555_148887.706	G	A	G/A,11,4,7	G/A,15,5,10	G/A,16,3,13	G/A,8,4,4	G/A,21,6,15	G/A,17,5,12	G/A,20,5,15	G/A,12,3,9	G/A,14,4,10	G/A,21,7,14	G/A,17,7,10	G/A,15,6,9	G/A,11,5,6	G/A,17,7,10	G/A,16,5,11	G/A,10,3,7	G/A,18,7,11	G/A,15,5,10	G/A,13,7,6	G/A,14,5,9	G/A,15,4,11	A/A,12,0,12
contig178555_148887.712	C	T	C/T,14,5,9	C/T,20,5,15	C/T,20,3,17	C/T,10,4,6	C/T,24,6,18	C/T,20,5,15	C/T,22,5,17	C/T,13,3,10	C/T,16,4,12	C/T,25,8,17	C/T,20,8,12	C/T,19,6,13	C/T,16,5,11	C/T,22,7,15	C/T,18,5,13	C/T,13,3,10	C/T,23,7,16	C/T,20,5,15	C/T,18,8,10	C/T,17,5,12	C/T,18,4,14	T/T,15,0,15
contig210839.300	T	A	T/T,39,39,0	T/T,34,34,0	T/T,45,45,0	T/T,22,22,0	T/T,34,34,0	T/T,39,39,0	T/T,35,35,0	T/T,35,35,0	T/T,35,35,0	T/T,43,43,0	T/T,33,33,0	T/T,28,28,0	T/T,42,42,0	T/T,37,37,0	T/T,38,38,0	T/T,33,33,0	T/T,41,41,0	T/T,42,42,0	T/A,13,11,2	T/T,39,39,0	T/T,36,36,0	T/T,38,38,0
contig156970.73	A	T	A/A,27,27,0	A/A,35,35,0	A/A,31,31,0	A/A,22,22,0	A/A,28,28,0	A/A,30,30,0	A/A,32,32,0	A/A,26,26,0	A/A,32,32,0	A/A,32,32,0	A/T,12,10,2	A/A,25,25,0	A/A,25,25,0	A/A,31,31,0	A/A,28,28,0	A/A,31,31,0	A/A,30,30,0	A/A,27,27,0	A/A,29,29,0	A/A,28,28,0	A/A,30,30,0	A/A,25,25,0
contig152171.68	C	T	C/C,35,35,0	C/T,35,27,8	C/C,30,30,0	C/C,25,25,0	C/C,29,29,0	C/C,41,41,0	C/C,32,32,0	C/C,33,33,0	C/C,34,34,0	C/C,31,31,0	C/C,33,33,0	C/C,28,28,0	C/C,29,29,0	C/C,34,34,0	C/C,32,32,0	C/C,38,38,0	C/C,30,30,0	C/C,35,35,0	C/C,44,44,0	C/C,37,37,0	C/C,33,33,0	C/C,39,39,0
contig119782_145335.1263	T	C	T/C,35,9,26	T/C,36,6,30	T/C,33,11,22	C/C,19,0,19	T/C,36,8,28	T/C,38,12,26	T/C,37,12,25	T/C,29,9,20	T/C,35,10,25	T/C,37,10,27	T/C,32,9,23	T/C,32,4,28	T/C,37,6,31	T/C,30,6,24	T/C,41,16,25	C/C,25,1,24	T/C,31,11,20	T/C,37,7,30	T/C,35,10,25	T/C,28,7,21	T/C,35,15,20	T/C,41,14,27
contig70750.231	A	T	A/T,41,31,10	A/T,48,31,17	A/T,38,30,8	A/T,25,13,12	A/T,29,23,6	A/T,41,30,11	A/T,46,35,11	A/T,38,31,7	A/T,38,30,8	A/T,45,35,10	A/A,43,42,1	A/T,50,35,15	A/T,34,25,9	A/T,47,32,15	A/T,46,34,12	A/T,55,41,14	A/T,39,29,10	A/T,34,23,11	A/T,41,30,11	A/T,51,41,10	A/T,44,37,7	A/T,43,35,8
contig70750.234	T	C	T/C,45,33,12	T/C,51,31,20	T/C,41,30,11	T/C,25,13,12	T/C,29,22,7	T/C,42,30,12	T/C,51,39,12	T/C,42,32,10	T/C,40,30,10	T/C,49,38,11	T/T,41,40,1	T/C,51,35,16	T/C,35,25,10	T/C,49,34,15	T/C,50,35,15	T/C,57,42,15	T/C,41,30,11	T/C,38,26,12	T/C,43,30,13	T/C,53,40,13	T/C,46,38,8	T/C,46,36,10
contig70750.237	C	T	C/T,46,34,12	C/T,52,33,19	C/T,42,31,11	C/T,25,13,12	C/T,31,23,8	C/T,45,33,12	C/T,53,41,12	C/T,47,35,12	C/T,41,31,10	C/T,53,43,10	C/C,44,43,1	C/T,54,38,16	C/T,36,24,12	C/T,50,34,16	C/T,52,36,16	C/T,60,45,15	C/T,43,31,12	C/T,38,25,13	C/T,46,33,13	C/T,54,42,12	C/T,49,41,8	C/T,50,39,11
contig208870.399	T	C	T/C,35,31,4	T/C,25,21,4	T/C,23,17,6	T/C,20,17,3	T/C,22,16,6	T/C,38,29,9	T/C,14,11,3	T/C,27,20,7	T/C,22,15,7	T/C,29,18,11	T/C,29,20,9	T/C,24,17,7	T/C,33,17,16	T/C,31,21,10	T/C,27,14,13	T/C,30,18,12	T/T,20,18,0	T/C,20,15,5	T/C,24,14,10	T/C,24,19,5	T/C,27,20,7	T/C,34,22,12
contig208870.400	A	G	A/G,33,29,4	A/G,23,19,4	A/G,21,15,6	A/G,19,16,3	A/G,20,15,5	A/G,36,27,9	A/G,12,10,2	A/G,25,18,7	A/G,21,15,6	A/G,27,16,11	A/G,27,19,8	A/G,22,15,7	A/G,31,17,14	A/G,29,20,9	A/G,25,14,11	A/G,28,16,12	A/A,20,18,0	A/G,19,14,5	A/G,23,14,9	A/G,22,18,4	A/G,25,19,6	A/G,32,20,12
contig112467_156385.598	G	A	A/A,23,0,23	A/A,22,0,22	A/A,28,0,28	A/A,11,0,11	A/A,17,0,17	A/A,25,0,25	A/A,24,0,24	A/A,15,0,15	A/A,16,0,16	A/A,19,0,19	A/A,26,0,26	A/A,19,0,19	A/A,20,0,20	A/A,26,0,26	G/A,15,2,13	A/A,20,0,20	A/A,16,0,16	A/A,27,0,27	A/A,20,0,20	A/A,22,0,22	A/A,15,0,15	A/A,30,0,30
contig176071.63	A	T	A/T,75,51,24	A/T,68,55,13	A/T,66,53,13	A/T,56,38,18	A/T,68,55,13	A/A,82,78,4	A/T,71,49,22	A/T,70,53,17	A/T,68,57,11	A/T,60,38,22	A/T,74,48,26	A/T,81,43,38	A/T,59,38,21	A/T,64,47,17	A/T,73,46,27	A/T,72,53,19	A/T,66,44,22	A/T,62,43,19	A/T,72,55,17	A/T,74,57,17	A/T,57,29,28	A/T,67,47,20
contig176071.64	T	A	T/A,76,50,26	T/A,70,55,15	T/A,67,54,13	T/A,57,39,18	T/A,70,56,14	T/T,81,77,4	T/A,70,48,22	T/A,71,53,18	T/A,69,57,12	T/A,60,38,22	T/A,76,49,27	T/A,81,44,37	T/A,59,37,22	T/A,65,47,18	T/A,74,46,28	T/A,73,53,20	T/A,68,45,23	T/A,64,43,21	T/A,72,55,17	T/A,75,57,18	T/A,59,31,28	T/A,66,46,20
contig176071.412	G	C	G/G,73,73,0	G/G,66,66,0	G/G,66,66,0	G/G,54,54,0	G/G,68,68,0	G/C,67,59,8	G/G,70,70,0	G/G,68,68,0	G/G,67,67,0	G/G,68,68,0	G/G,76,76,0	G/G,69,69,0	G/G,71,71,0	G/G,68,68,0	G/G,71,71,0	G/G,71,71,0	G/G,73,73,0	G/G,71,71,0	G/G,69,69,0	G/G,64,64,0	G/G,66,66,0	G/G,60,60,0
contig176071.602	C	T	C/C,74,74,0	C/C,50,50,0	C/C,65,65,0	C/C,52,52,0	C/C,68,68,0	C/T,73,62,11	C/C,70,70,0	C/C,71,71,0	C/C,45,45,0	C/C,69,69,0	C/C,68,66,2	C/C,55,55,0	C/C,68,68,0	C/C,44,44,0	C/C,71,68,3	C/C,68,66,2	C/C,72,72,0	C/C,48,48,0	C/C,62,62,0	C/C,67,67,0	C/C,52,50,2	C/C,66,66,0
contig176071.725	C	T	C/C,51,51,0	C/C,50,50,0	C/C,41,41,0	C/C,35,35,0	C/C,51,51,0	C/T,53,48,5	C/C,53,53,0	C/C,49,49,0	C/C,45,45,0	C/C,44,44,0	C/C,56,56,0	C/C,50,50,0	C/C,54,54,0	C/C,44,44,0	C/C,54,54,0	C/C,45,45,0	C/C,49,49,0	C/C,38,38,0	C/C,46,46,0	C/C,43,43,0	C/C,40,40,0	C/C,32,32,0
contig176071.730	G	T	G/G,45,45,0	G/G,44,44,0	G/G,35,35,0	G/G,31,31,0	G/G,48,48,0	G/T,50,45,5	G/G,46,46,0	G/G,49,49,0	G/G,45,45,0	G/G,38,38,0	G/G,50,50,0	G/G,45,45,0	G/G,45,45,0	G/G,44,44,0	G/G,52,52,0	G/G,42,42,0	G/G,45,45,0	G/G,29,29,0	G/G,43,43,0	G/G,37,37,0	G/G,36,36,0	G/G,27,27,0
contig176071.741	G	A	G/G,34,34,0	G/G,36,36,0	G/G,27,27,0	G/G,25,25,0	G/G,39,39,0	G/A,43,38,5	G/G,43,43,0	G/G,39,39,0	G/G,36,36,0	G/G,29,29,0	G/G,39,39,0	G/G,38,38,0	G/G,40,40,0	G/G,36,36,0	G/G,44,44,0	G/G,35,35,0	G/G,29,29,0	G/G,25,25,0	G/G,37,37,0	G/G,32,32,0	G/G,22,22,0	G/G,19,19,0
contig114781.169	A	G	A/G,27,24,3	A/A,41,41,0	A/A,33,33,0	A/A,16,16,0	A/A,28,28,0	A/A,35,35,0	A/A,42,42,0	A/A,27,27,0	A/A,30,30,0	A/A,29,29,0	A/A,39,39,0	A/A,36,36,0	A/A,30,30,0	A/A,35,35,0	A/A,35,35,0	A/A,35,35,0	A/A,26,26,0	A/A,39,39,0	A/A,30,30,0	A/A,34,34,0	A/A,34,34,0	A/G,30,27,3
contig152256.60	G	C	G/G,85,85,0	G/G,83,83,0	G/G,78,78,0	G/G,70,70,0	G/G,74,71,3	G/G,74,74,0	G/C,75,68,7	G/G,80,80,0	G/G,78,78,0	G/G,88,88,0	G/G,95,95,0	G/G,90,90,0	G/G,84,84,0	G/G,82,79,3	G/C,41,37,4	G/G,90,90,0	G/G,73,70,3	G/G,80,80,0	G/G,85,85,0	G/G,84,84,0	G/G,88,88,0	G/G,88,88,0
contig152256.62	T	C	T/T,85,85,0	T/T,83,83,0	T/T,78,78,0	T/T,70,70,0	T/T,77,74,3	T/T,74,74,0	T/C,76,71,5	T/T,80,80,0	T/T,78,78,0	T/T,88,88,0	T/T,95,95,0	T/T,86,83,3	T/T,84,84,0	T/T,83,80,3	T/C,45,41,4	T/T,85,85,0	T/T,73,71,2	T/T,80,80,0	T/T,85,85,0	T/T,84,84,0	T/T,88,88,0	T/T,88,88,0
contig188706.410	T	C	T/T,39,39,0	T/T,46,46,0	T/T,43,43,0	T/T,32,32,0	T/C,33,29,4	T/T,28,28,0	T/T,48,48,0	T/T,27,27,0	T/T,36,36,0	T/T,41,41,0	T/T,45,45,0	T/T,40,40,0	T/T,40,40,0	T/T,39,39,0	T/T,43,43,0	T/T,39,39,0	T/T,42,42,0	T/T,31,31,0	T/T,38,38,0	T/T,43,43,0	T/T,43,43,0	T/T,45,45,0
contig160481.167	G	T	G/G,62,62,0	G/G,79,79,0	G/G,81,81,0	G/G,74,74,0	G/G,78,78,0	G/G,76,76,0	G/G,83,83,0	G/G,75,75,0	G/G,76,76,0	G/G,75,75,0	G/G,68,68,0	G/T,17,15,2	G/G,75,75,0	G/G,78,78,0	G/G,89,89,0	G/G,72,72,0	G/T,21,18,3	G/G,69,69,0	G/G,14,14,0	G/G,72,72,0	G/G,34,33,1	G/G,75,75,0
contig184216.46	T	C	T/C,53,47,6	T/C,41,36,5	T/C,42,32,10	T/C,26,22,4	T/C,43,36,7	T/C,33,25,8	T/C,45,36,9	T/C,40,33,7	T/C,42,33,9	T/T,39,39,0	T/T,56,53,3	T/T,58,55,3	T/C,45,39,6	T/C,41,34,7	T/T,65,63,2	T/C,49,44,5	T/C,55,46,9	T/C,42,37,5	T/C,52,45,7	T/C,53,48,5	T/C,56,49,7	T/T,37,37,0
contig186153.64	C	G	C/G,18,12,6	C/C,24,23,1	C/G,18,12,6	C/G,16,10,6	C/G,21,17,4	C/G,17,12,5	C/G,18,14,4	C/G,17,10,7	C/G,13,8,5	C/G,17,11,6	C/G,13,9,4	C/G,18,12,6	C/G,21,12,9	C/G,16,12,4	C/G,16,12,4	C/G,26,16,10	C/G,16,9,7	C/G,18,7,11	C/G,14,11,3	C/G,31,22,9	C/G,19,10,9	C/G,20,11,9
contig72807.141	T	C	T/C,16,7,9	C/C,16,0,16	T/C,26,10,16	T/C,21,11,10	T/C,31,15,16	T/C,17,8,9	C/C,17,0,17	T/C,25,12,13	C/C,14,0,14	C/C,19,0,19	T/C,28,12,16	T/C,27,19,8	T/C,24,12,12	T/C,29,16,13	C/C,21,1,20	T/C,31,18,13	T/C,27,11,16	T/C,23,14,9	T/C,24,11,13	T/C,30,15,15	C/C,12,0,12	T/C,26,14,12
contig210036.140	A	G	A/G,34,10,24	A/G,22,11,11	A/G,24,17,7	A/G,20,11,9	A/G,14,8,6	A/G,26,11,15	A/A,16,16,0	A/G,21,7,14	A/G,21,10,11	A/G,18,9,9	A/G,36,17,19	A/G,28,19,9	A/G,28,5,23	A/G,22,7,15	A/G,38,26,12	A/G,23,15,8	A/G,19,12,7	A/G,15,11,4	A/G,21,6,15	A/G,31,19,12	A/G,24,18,6	A/G,24,8,16
contig177362.336	C	T	C/T,24,19,5	C/T,27,20,7	C/T,27,20,7	C/T,24,17,7	C/T,21,16,5	C/C,14,14,0	C/T,34,25,9	C/T,28,22,6	C/T,22,17,5	C/T,23,17,6	C/T,41,28,13	C/T,28,23,5	C/T,24,19,5	C/T,30,20,10	C/T,28,22,6	C/T,27,13,14	C/T,21,15,6	C/T,21,14,7	C/T,26,22,4	C/T,31,24,7	C/T,23,16,7	C/T,24,17,7
contig177362.340	T	C	T/C,25,19,6	T/C,26,19,7	T/C,26,19,7	T/C,25,18,7	T/C,24,17,7	T/T,14,14,0	T/C,34,25,9	T/C,28,21,7	T/C,25,18,7	T/C,21,15,6	T/C,40,26,14	T/C,29,22,7	T/C,26,20,6	T/C,31,20,11	T/C,26,20,6	T/C,31,15,16	T/C,23,16,7	T/C,21,13,8	T/C,25,21,4	T/C,32,25,7	T/C,24,17,7	T/C,23,16,7
contig158551.98	A	T	A/T,25,18,7	A/T,30,27,3	A/T,28,21,7	A/T,23,19,4	A/T,27,20,7	A/T,32,28,4	A/T,26,22,4	A/T,27,20,7	A/T,27,22,5	A/T,22,15,7	A/T,29,23,6	A/T,25,19,6	A/T,23,20,3	A/T,30,25,5	A/T,18,15,3	A/T,23,20,3	A/T,26,19,7	A/A,22,22,0	A/T,29,22,7	A/T,25,21,4	A/T,26,23,3	A/T,31,27,4
contig205389.294	T	G	T/G,30,6,24	T/G,24,9,15	T/G,32,10,21	T/G,21,5,16	T/G,24,9,15	T/G,24,8,16	T/G,22,4,18	G/G,24,1,23	T/G,26,10,16	T/G,22,7,15	T/G,32,12,20	T/G,19,6,13	T/G,28,9,19	T/G,28,12,16	T/G,19,3,16	T/G,18,3,15	T/G,29,8,21	T/G,31,13,18	T/G,26,12,14	T/G,23,7,16	T/G,25,11,14	T/G,23,6,17
contig205389.305	C	G	C/C,30,30,0	C/C,27,27,0	C/C,31,31,0	C/C,20,20,0	C/C,27,27,0	C/C,33,33,0	C/C,29,29,0	C/C,27,27,0	C/C,27,27,0	C/C,28,28,0	C/C,30,30,0	C/C,24,24,0	C/C,30,30,0	C/C,33,33,0	C/C,25,25,0	C/C,25,25,0	C/C,30,30,0	C/G,20,17,3	C/C,27,27,0	C/C,27,27,0	C/C,28,28,0	C/C,27,27,0
contig186539.225	T	A	T/T,42,42,0	T/A,15,13,2	T/T,42,42,0	T/T,35,35,0	T/T,40,40,0	T/T,40,40,0	T/T,37,37,0	T/T,30,30,0	T/T,33,33,0	T/T,46,46,0	T/T,41,41,0	T/T,41,41,0	T/T,38,38,0	T/T,39,39,0	T/T,41,41,0	T/T,46,46,0	T/T,43,43,0	T/T,35,35,0	T/T,33,33,0	T/T,42,42,0	T/T,44,44,0	T/T,43,43,0
contig177683.192	A	T	A/T,63,40,23	A/A,35,35,0	A/A,52,52,0	A/A,43,42,0	A/A,50,50,0	A/A,50,49,0	A/A,36,36,0	A/A,50,50,0	A/A,36,36,0	A/A,56,56,0	A/A,72,72,0	A/A,53,53,0	A/A,54,54,0	A/A,53,53,0	A/A,52,52,0	A/A,36,36,0	A/A,52,52,0	A/A,51,51,0	A/A,36,36,0	A/A,52,52,0	A/A,51,51,0	A/A,53,51,0
contig111799.44	T	G	T/G,20,12,8	T/G,33,21,12	T/T,19,19,0	T/G,9,4,5	T/G,16,12,4	T/G,18,9,9	T/G,16,9,7	T/G,18,13,5	T/G,13,7,6	T/G,21,14,7	T/G,19,13,6	T/G,22,17,5	T/G,26,18,8	T/G,28,19,9	T/G,15,8,7	T/G,19,10,9	T/G,18,10,8	T/G,20,15,5	T/G,11,7,4	T/G,28,21,7	T/G,19,14,5	T/G,19,13,6
contig111799.199	T	C	T/C,13,7,6	T/C,21,17,4	T/C,18,14,4	T/C,10,8,2	T/C,11,8,3	T/C,12,6,6	T/C,13,9,4	T/C,9,6,3	T/C,15,12,3	T/C,15,12,3	T/C,10,7,3	T/C,8,4,4	T/C,6,4,2	T/C,6,4,2	T/C,11,8,3	T/C,11,7,4	T/C,15,9,6	T/C,15,9,6	T/C,8,5,3	T/T,14,14,0	T/C,13,10,3	T/C,11,7,4
contig111799.201	A	T	A/T,12,6,6	A/T,20,15,5	A/T,17,13,4	A/T,9,7,2	A/T,10,7,3	A/T,12,6,6	A/T,12,8,4	A/T,9,6,3	A/T,16,13,3	A/T,16,11,5	A/T,11,7,4	A/T,8,5,3	A/T,7,5,2	A/T,7,4,3	A/T,11,8,3	A/T,11,6,5	A/T,13,9,4	A/T,15,8,7	A/T,8,6,2	A/A,14,14,0	A/T,12,9,3	A/T,11,7,4
contig153221.896	T	A	T/A,57,25,32	A/A,33,0,33	T/A,55,28,27	T/A,39,20,19	T/A,45,13,32	T/A,61,25,36	T/A,56,28,28	A/A,32,0,32	T/A,51,23,28	T/A,48,21,27	T/A,52,22,30	T/A,56,20,36	T/A,52,25,27	T/A,63,19,44	T/A,50,26,24	T/A,57,20,37	T/A,47,28,19	T/A,60,27,33	A/A,30,1,29	T/A,61,27,34	A/A,28,0,28	T/A,64,22,42
contig130410.129	C	A	C/A,9,2,7	C/A,13,4,9	C/A,7,2,5	C/A,8,5,3	C/A,15,6,9	C/A,15,4,11	C/A,10,6,4	C/A,12,4,8	C/A,16,4,12	C/A,23,6,17	C/A,16,5,11	C/A,11,3,8	C/A,11,6,5	C/A,7,3,4	C/A,24,7,17	C/A,11,4,7	C/A,8,5,3	C/A,12,6,6	C/A,11,5,6	A/A,11,0,11	C/A,14,3,11	C/A,13,2,11
contig149835.111	G	C	G/C,33,8,25	G/C,34,12,22	G/C,33,11,22	G/C,26,6,20	G/C,22,3,19	G/C,44,13,31	G/C,22,6,16	G/C,32,9,23	G/C,25,8,17	G/C,21,9,12	G/C,20,4,16	G/C,24,6,18	G/C,26,6,20	G/C,32,9,23	G/C,29,7,22	G/C,26,8,18	G/C,25,10,15	G/C,29,13,16	G/C,34,13,21	C/C,20,0,20	G/C,27,9,18	G/C,30,10,20
contig194173.208	A	T	T/T,31,0,31	T/T,34,0,34	T/T,32,0,32	T/T,28,0,28	T/T,26,0,26	T/T,29,0,29	A/T,34,2,32	T/T,32,1,31	T/T,28,0,28	T/T,32,0,32	T/T,36,0,36	T/T,32,0,32	T/T,35,0,35	T/T,29,0,29	T/T,32,0,32	T/T,30,0,30	T/T,32,1,31	T/T,30,0,30	T/T,29,0,29	T/T,32,0,32	T/T,34,0,34	T/T,34,0,34
contig194173.209	C	T	T/T,30,0,30	T/T,33,0,33	T/T,31,0,31	T/T,28,0,28	T/T,26,0,26	T/T,29,0,29	C/T,32,1,31	T/T,30,0,30	T/T,27,0,27	T/T,31,0,31	T/T,36,0,36	T/T,31,0,31	T/T,34,0,34	T/T,28,0,28	T/T,31,0,31	T/T,29,0,29	T/T,30,0,30	T/T,29,0,29	T/T,29,0,29	T/T,32,0,32	T/T,33,0,33	T/T,33,0,33
contig194173.214	T	C	C/C,22,0,22	C/C,24,0,24	C/C,21,0,21	C/C,20,0,20	C/C,18,0,18	C/C,20,0,20	T/C,22,1,21	C/C,23,0,23	C/C,20,0,20	C/C,24,0,24	C/C,27,0,27	C/C,21,0,21	C/C,25,0,25	C/C,20,0,20	C/C,22,0,22	C/C,20,0,20	C/C,22,0,22	C/C,21,0,21	C/C,20,0,20	C/C,23,0,23	C/C,22,0,22	C/C,24,0,24
contig180486.173	T	G	T/T,26,26,0	T/T,32,32,0	T/T,34,34,0	T/T,22,22,0	T/T,24,24,0	T/T,29,29,0	T/T,41,41,0	T/T,26,26,0	T/G,21,18,3	T/T,25,25,0	T/T,32,32,0	T/T,26,26,0	T/T,25,25,0	T/T,26,26,0	T/T,37,37,0	T/T,33,33,0	T/T,32,32,0	T/T,27,27,0	T/T,22,22,0	T/T,31,31,0	T/T,26,26,0	T/T,24,24,0
contig216128.162	T	A	T/T,34,34,0	T/T,51,51,0	T/T,38,38,0	T/T,33,33,0	T/T,38,38,0	T/T,49,49,0	T/T,39,39,0	T/T,36,36,0	T/T,39,39,0	T/T,41,41,0	T/A,20,16,4	T/T,37,37,0	T/T,38,38,0	T/T,42,42,0	T/T,46,46,0	T/T,42,42,0	T/T,41,41,0	T/T,31,31,0	T/T,36,36,0	T/T,28,28,0	T/T,36,36,0	T/T,40,40,0
contig216787.153	G	A	G/A,73,22,51	G/A,73,18,55	G/A,79,31,48	G/A,80,26,54	G/A,82,32,50	G/A,87,49,38	G/A,80,28,52	G/A,76,22,54	G/A,77,23,54	G/G,79,74,5	G/A,79,43,36	G/A,76,37,39	G/A,80,35,45	G/A,79,31,48	G/A,71,60,11	G/A,84,32,52	G/A,83,42,41	G/A,82,29,53	G/A,80,25,55	G/A,81,43,38	G/A,82,60,22	G/A,85,72,13
contig209949.139	G	A	G/G,78,74,4	G/A,79,71,8	G/A,77,70,7	G/A,71,62,9	G/A,78,63,15	G/A,82,74,8	G/A,76,68,8	G/A,87,70,17	G/A,76,66,10	G/A,80,70,10	G/A,89,77,12	G/A,72,61,11	G/A,79,70,9	G/A,80,71,9	G/A,79,68,11	G/A,78,66,12	G/A,75,67,8	G/A,80,69,11	G/A,77,68,9	G/A,71,64,7	G/A,76,63,13	G/A,85,72,13
contig186533.46	T	C	T/T,34,34,0	T/T,40,40,0	T/T,40,40,0	T/T,28,28,0	T/T,35,35,0	T/T,33,33,0	T/T,36,36,0	T/T,27,27,0	T/C,9,7,2	T/T,38,38,0	T/T,38,38,0	T/T,33,33,0	T/T,40,40,0	T/T,36,36,0	T/T,29,29,0	T/T,30,30,0	T/T,32,32,0	T/T,30,30,0	T/T,34,34,0	T/T,28,28,0	T/T,34,34,0	T/T,34,34,0
contig179804.154	G	A	G/A,15,13,2	G/G,51,51,0	G/G,52,52,0	G/A,18,14,4	G/G,41,41,0	G/G,47,47,0	G/G,51,51,0	G/G,44,44,0	G/G,48,48,0	G/G,42,42,0	G/G,56,56,0	G/G,44,44,0	G/G,45,45,0	G/G,44,44,0	G/G,49,49,0	G/G,45,45,0	G/G,41,41,0	G/G,46,46,0	G/G,44,44,0	G/G,49,49,0	G/G,46,46,0	G/G,54,54,0
contig151962.190	A	G	G/G,11,0,11	A/G,9,5,4	A/G,12,4,8	A/G,12,5,7	A/G,23,8,15	A/G,12,7,5	A/G,13,4,9	A/G,9,6,3	A/G,16,7,9	A/G,23,12,11	A/G,17,10,7	A/G,14,8,6	A/G,18,8,10	A/G,20,12,8	A/G,30,8,22	A/G,25,11,14	A/G,14,6,8	A/G,19,8,11	A/G,11,7,4	A/G,9,3,6	A/G,11,8,3	A/G,25,10,15
contig151962.197	C	T	T/T,11,0,11	C/T,9,5,4	C/T,12,4,8	C/T,12,5,7	C/T,23,8,15	C/T,11,6,5	C/T,14,5,9	C/T,9,6,3	C/T,16,7,9	C/T,23,12,11	C/T,17,10,7	C/T,14,8,6	C/T,16,6,10	C/T,19,11,8	C/T,33,11,22	C/T,24,10,14	C/T,14,6,8	C/T,19,8,11	C/T,11,7,4	C/T,10,4,6	C/T,10,7,3	C/T,24,10,14
contig182839.155	T	G	T/G,32,4,28	G/G,28,0,28	G/G,36,0,36	T/G,27,7,20	T/G,27,4,23	T/G,38,5,33	T/G,44,8,36	T/G,31,5,26	T/G,39,6,33	T/G,32,5,27	T/G,29,4,25	T/G,37,6,31	T/G,28,4,24	G/G,27,0,27	T/G,34,6,28	T/G,41,5,36	T/G,34,7,27	T/G,35,4,31	G/G,32,0,32	T/G,30,5,25	T/G,30,5,25	T/G,38,5,33
contig177128.286	T	C	T/C,62,53,9	T/C,67,61,6	T/C,56,51,5	T/C,64,56,8	T/C,71,61,10	T/T,74,71,3	T/C,65,57,8	T/C,73,65,8	T/C,69,64,5	T/C,59,52,7	T/C,59,53,6	T/C,58,47,11	T/C,70,61,9	T/C,74,65,9	T/C,57,53,4	T/C,58,47,11	T/C,64,57,7	T/C,63,56,7	T/C,71,59,12	T/C,53,45,8	T/C,49,40,9	T/C,56,47,9
contig177128.312	A	T	A/A,70,70,0	A/A,66,66,0	A/A,64,64,0	A/A,59,59,0	A/A,72,72,0	A/T,74,65,9	A/A,62,62,0	A/A,62,62,0	A/A,67,67,0	A/A,64,64,0	A/A,70,70,0	A/A,65,65,0	A/A,61,61,0	A/A,74,74,0	A/A,69,69,0	A/A,68,68,0	A/A,65,63,2	A/A,68,68,0	A/A,62,62,0	A/A,74,74,0	A/A,68,68,0	A/A,58,58,0
contig190820.424	T	A	T/T,20,20,0	T/T,25,25,0	T/T,58,58,0	T/T,46,46,0	T/T,48,48,0	T/T,60,60,0	T/T,60,60,0	T/T,48,48,0	T/T,50,50,0	T/T,34,34,0	T/T,52,52,0	T/T,49,49,0	T/T,47,47,0	T/T,51,51,0	T/A,40,36,4	T/T,55,55,0	T/T,55,55,0	T/T,14,14,0	T/T,48,48,0	T/T,59,59,0	T/T,50,50,0	T/T,60,60,0
contig149551_151458.1030	G	A	G/A,12,7,5	G/A,14,8,6	G/A,12,6,6	G/A,10,6,4	G/A,18,13,5	G/G,20,20,0	G/A,15,12,3	G/A,21,14,7	G/A,26,16,10	G/A,20,10,10	G/A,11,10,1	G/A,12,9,3	G/A,14,7,7	G/A,17,11,6	G/A,16,11,5	G/A,13,5,8	G/A,17,12,5	G/A,14,9,5	G/A,16,10,6	G/A,12,11,1	G/G,13,13,0	G/A,17,12,5
contig149551_151458.1035	C	A	C/A,16,8,8	C/A,15,7,8	C/A,13,6,7	C/A,12,6,6	C/A,20,12,8	C/C,22,22,0	C/A,16,13,3	C/A,23,13,10	C/A,28,15,13	C/A,22,10,12	C/A,12,10,2	C/A,16,11,5	C/A,15,7,8	C/A,17,8,9	C/A,17,10,7	C/A,16,6,10	C/A,18,13,5	C/A,15,8,7	C/A,18,9,9	C/A,14,11,3	C/C,13,13,0	C/A,19,11,8
contig149551_151458.1042	G	A	G/A,15,7,8	G/A,16,8,8	G/A,15,6,9	G/A,13,7,6	G/A,22,13,9	G/G,23,23,0	G/A,17,14,3	G/A,28,16,12	G/A,29,15,14	G/A,22,9,13	G/A,13,10,3	G/A,17,11,6	G/A,17,9,8	G/A,22,8,14	G/A,18,11,7	G/A,17,6,11	G/A,19,14,5	G/A,17,8,9	G/A,21,11,10	G/A,12,9,3	G/G,13,13,0	G/A,21,12,9
contig188617_166880.495	A	T	T/T,15,0,15	T/T,18,0,18	T/T,17,0,17	T/T,15,0,15	T/T,12,0,12	A/T,15,2,13	T/T,13,0,13	T/T,15,0,15	T/T,13,0,13	T/T,17,0,17	T/T,12,0,12	T/T,16,0,16	T/T,15,0,15	T/T,19,0,19	T/T,14,0,14	T/T,17,0,17	T/T,11,0,11	T/T,17,0,17	T/T,14,0,14	T/T,17,0,17	T/T,18,0,18	T/T,16,0,16
contig188617_166880.497	T	C	C/C,18,0,18	C/C,21,0,21	C/C,19,0,19	C/C,18,0,18	C/C,15,0,15	T/C,17,2,15	C/C,15,0,15	C/C,17,0,17	C/C,14,0,14	C/C,19,0,19	C/C,15,0,15	C/C,19,0,19	C/C,18,0,18	C/C,21,0,21	C/C,15,0,15	C/C,18,0,18	C/C,12,0,12	C/C,18,0,18	C/C,16,0,16	C/C,20,0,20	C/C,19,0,19	C/C,19,0,19
contig180884.245	A	G	A/A,26,26,0	A/A,37,37,0	A/A,28,28,0	A/A,20,20,0	A/A,26,26,0	A/A,28,28,0	A/A,28,28,0	A/A,34,34,0	A/A,32,32,0	A/A,33,33,0	A/A,31,31,0	A/A,32,32,0	A/G,16,13,3	A/A,39,39,0	A/A,27,27,0	A/G,29,26,3	A/A,16,16,0	A/A,21,21,0	A/A,32,32,0	A/A,25,24,1	A/A,33,33,0	A/A,29,29,0
contig600029.461	G	A	G/G,69,69,0	G/G,46,46,0	G/G,45,45,0	G/G,28,28,0	G/G,47,47,0	G/A,26,22,4	G/G,54,54,0	G/G,38,37,1	G/G,46,46,0	G/G,64,62,2	G/G,66,66,0	G/G,60,60,0	G/G,56,56,0	G/G,48,48,0	G/G,67,67,0	G/G,59,59,0	G/G,49,49,0	G/G,47,47,0	G/G,45,45,0	G/G,69,69,0	G/G,49,49,0	G/G,71,69,2
contig600029.462	G	C	G/G,69,69,0	G/G,46,46,0	G/G,45,45,0	G/G,28,28,0	G/G,47,47,0	G/C,25,21,4	G/G,54,54,0	G/G,37,36,1	G/G,47,47,0	G/G,64,62,2	G/G,69,67,2	G/G,60,60,0	G/G,56,56,0	G/G,48,48,0	G/G,67,67,0	G/G,59,59,0	G/G,49,49,0	G/G,47,47,0	G/G,45,45,0	G/G,69,69,0	G/G,49,49,0	G/G,72,70,2
contig113746_192911.451	G	A	G/A,9,5,4	G/A,11,4,7	G/A,11,7,4	G/A,8,3,5	G/A,9,3,6	G/A,13,7,6	G/A,6,4,2	G/A,10,5,5	G/A,12,5,7	G/A,8,4,4	G/A,9,3,6	G/A,8,4,4	G/A,10,5,5	G/A,13,4,9	G/A,7,2,5	G/A,9,3,6	G/A,7,3,4	A/A,11,0,11	G/A,15,8,7	G/A,12,4,8	G/A,11,8,3	G/A,8,3,5
contig208529.86	A	T	A/T,8,3,5	A/A,26,26,0	A/T,11,8,3	A/T,7,6,1	A/T,11,3,8	A/T,8,6,2	A/T,13,8,5	A/T,16,12,4	A/T,10,6,4	A/T,11,7,4	A/T,18,10,8	A/T,15,6,9	A/T,13,5,8	A/T,9,7,2	A/T,14,9,5	A/T,11,8,3	A/T,9,7,2	A/T,17,10,7	A/T,12,7,5	A/T,19,12,7	A/T,6,4,2	A/T,12,6,6
contig218917.67	C	T	C/C,50,50,0	C/C,54,54,0	C/C,50,50,0	C/C,40,40,0	C/C,46,46,0	C/C,42,42,0	C/C,48,48,0	C/C,41,41,0	C/C,44,44,0	C/C,46,46,0	C/C,41,41,0	C/C,45,45,0	C/C,43,43,0	C/C,44,44,0	C/C,32,32,0	C/C,52,52,0	C/C,43,43,0	C/C,40,40,0	C/C,39,39,0	C/C,47,47,0	C/C,49,49,0	C/T,9,6,3
contig185154.122	C	T	C/T,22,11,11	C/T,28,10,18	C/T,13,5,8	C/T,12,2,10	C/T,11,3,8	C/T,23,4,19	C/T,21,11,10	C/T,16,6,10	T/T,12,0,12	C/T,11,4,7	C/T,28,11,17	C/T,35,12,23	C/T,13,5,8	C/T,20,14,6	C/T,15,6,9	C/T,28,14,14	C/T,15,8,7	C/T,19,5,14	C/T,20,13,7	C/T,16,6,10	C/T,24,8,16	C/T,13,5,8
contig126746.199	G	C	G/C,13,3,10	G/C,15,3,12	G/C,17,5,12	C/C,11,0,11	G/C,6,3,3	G/C,18,3,15	G/C,11,5,6	G/C,13,4,9	G/C,8,4,4	G/C,11,2,9	G/C,15,5,10	G/C,11,5,6	G/C,6,3,3	G/C,14,3,11	G/C,16,4,12	G/C,9,3,6	G/C,12,3,9	G/C,10,6,4	G/C,8,3,5	G/C,15,6,9	G/C,12,3,9	G/C,10,6,4
contig115956.126	G	A	G/A,19,7,12	G/A,13,2,11	G/A,15,4,11	G/A,10,4,6	G/A,10,4,6	G/A,16,5,11	G/A,15,7,8	G/A,12,6,6	G/A,17,2,15	G/A,13,5,8	G/A,20,5,15	G/A,8,4,4	G/A,11,4,7	G/A,20,5,15	G/A,19,6,13	A/A,15,0,15	G/A,18,8,10	G/A,13,1,12	G/A,20,7,13	A/A,11,0,11	G/A,11,5,6	G/A,15,6,9
contig148723.1181	A	G	A/G,25,13,12	A/G,27,16,11	A/G,32,19,13	A/A,18,18,0	A/G,25,13,12	A/G,17,12,5	A/G,27,16,11	A/G,19,9,10	A/G,27,12,15	A/G,25,19,6	A/G,24,20,4	A/G,27,14,13	A/G,29,17,12	A/G,23,14,9	A/G,27,16,11	A/G,21,18,3	A/A,17,17,0	A/G,32,21,11	A/G,21,8,13	A/G,24,20,4	A/G,28,16,12	A/G,38,27,11
contig148723.1195	C	T	C/T,22,10,12	C/T,23,12,11	C/T,26,13,13	C/C,12,12,0	C/T,22,10,12	C/T,15,10,5	C/T,25,14,11	C/T,17,7,10	C/T,24,9,15	C/T,21,15,6	C/T,20,16,4	C/T,25,12,13	C/T,25,13,12	C/T,18,9,9	C/T,23,12,11	C/T,15,12,3	C/C,13,13,0	C/T,25,14,11	C/T,20,7,13	C/T,20,16,4	C/T,21,9,12	C/T,31,20,11
