chrom.pos	ref	alt	AH75_1	AH75_10	AH75_11	AH75_12	AH75_13	AH75_14	AH75_15	AH75_16	AH75_17	AH75_2	AH75_3	AH75_4	AH75_5	AH75_6	AH75_7	AH75_8	AH75_9
contig104095.169	C	T	C/T,31,10,21	C/T,32,14,18	C/T,37,15,22	C/T,32,9,23	C/T,27,7,20	C/T,39,15,24	C/T,37,10,27	C/T,29,11,18	C/T,36,13,23	C/T,25,10,15	C/T,38,16,22	C/T,40,13,27	T/T,28,0,28	C/T,27,7,20	C/T,33,11,22	C/T,36,13,23	C/T,42,13,29
contig149104.548	T	G	T/G,24,17,7	T/G,30,25,5	T/G,37,32,5	T/G,31,28,3	T/T,34,34,0	T/G,37,33,4	T/G,33,28,5	T/G,37,29,8	T/G,34,27,7	T/G,17,14,3	T/G,37,30,7	T/G,32,28,4	T/G,33,28,5	T/G,43,38,5	T/G,48,44,4	T/G,37,33,4	T/G,28,21,7
contig184232.445	G	T	G/G,28,28,0	G/T,17,14,3	G/G,28,28,0	G/G,22,22,0	G/G,23,23,0	G/G,28,28,0	G/G,31,31,0	G/G,30,30,0	G/G,29,29,0	G/G,22,22,0	G/G,23,23,0	G/T,27,25,2	G/G,32,32,0	G/G,24,24,0	G/G,26,26,0	G/G,27,27,0	G/G,31,31,0
contig105131.119	A	G	A/G,12,6,6	A/G,10,5,5	A/G,19,17,2	A/G,10,8,2	A/G,10,7,3	A/G,15,10,5	A/G,16,11,5	A/G,13,11,2	A/G,14,7,7	A/G,7,5,2	A/G,14,9,5	A/G,13,9,4	A/G,12,9,3	A/A,14,14,0	A/G,8,6,2	A/G,14,11,3	A/G,18,13,5
contig68848.206	T	C	T/C,15,6,9	T/C,26,16,10	T/C,23,9,14	T/C,20,9,11	T/C,19,7,12	T/C,20,9,11	T/C,16,6,10	T/C,20,8,12	T/C,19,8,11	T/C,15,5,10	C/C,18,0,18	T/C,23,9,14	T/C,23,9,14	T/C,25,10,15	T/C,13,3,10	T/C,20,11,9	T/C,26,13,13
contig150206_119932.392	A	T	A/T,24,19,5	A/T,29,24,5	A/T,13,6,7	A/T,27,23,4	A/T,16,11,5	A/A,33,33,0	A/T,25,16,9	A/T,21,15,6	A/T,18,7,11	A/T,32,23,9	A/T,22,17,5	A/T,55,41,14	A/T,11,7,4	A/T,43,36,7	A/T,25,21,4	A/T,31,26,5	A/T,32,28,4
contig115371.178	A	G	A/G,13,10,3	A/G,15,11,4	A/G,18,9,9	A/G,14,9,5	A/G,11,8,3	A/G,21,13,8	A/G,11,4,7	A/G,13,8,5	A/G,15,10,5	A/G,14,10,4	A/A,14,14,0	A/G,22,17,5	A/G,13,10,3	A/G,12,8,4	A/G,15,9,6	A/G,16,11,5	A/G,15,8,7
contig151250.201	G	A	G/G,46,44,2	G/G,46,46,0	G/G,61,61,0	G/G,49,49,0	G/G,56,52,4	G/A,53,46,7	G/G,59,59,0	G/G,44,42,2	G/G,64,64,0	G/G,43,40,3	G/A,49,45,4	G/G,45,45,0	G/G,54,54,0	G/G,54,54,0	G/G,39,39,0	G/G,42,42,0	G/G,47,47,0
contig130664.176	T	A	A/A,16,0,16	T/A,18,6,12	T/A,17,4,13	T/A,17,4,13	T/A,17,2,15	T/A,20,5,15	T/A,17,5,12	A/A,13,0,13	T/A,20,6,14	T/A,7,3,4	T/A,18,5,13	T/A,16,2,14	T/A,25,4,21	T/A,15,3,12	T/A,17,4,13	T/A,19,3,16	T/A,13,3,10
contig104155_53047.1440	C	T	C/T,14,4,10	C/T,11,6,5	C/T,14,8,6	C/T,15,9,6	C/T,14,2,12	C/T,18,8,10	C/T,16,7,9	C/T,12,4,8	C/T,22,14,8	T/T,11,0,11	C/T,13,4,9	C/T,15,11,4	C/T,13,7,6	C/T,9,6,3	C/T,10,5,5	C/T,17,4,13	C/T,18,8,10
contig114732.119	T	C	T/C,12,10,2	T/C,12,8,4	T/C,7,4,3	T/C,13,10,3	T/C,12,9,3	T/C,11,9,2	T/C,12,7,5	T/C,12,8,4	T/C,19,9,10	T/C,8,6,2	T/C,10,7,3	T/C,13,11,2	T/C,10,7,3	T/C,16,13,3	T/C,8,5,3	T/T,12,12,0	T/C,15,10,5
contig151352.52	G	A	A/A,16,0,16	A/A,14,0,14	A/A,15,0,15	A/A,16,0,16	A/A,16,0,16	A/A,18,0,18	A/A,20,0,20	A/A,18,0,18	A/A,17,0,17	A/A,14,0,14	A/A,13,0,13	A/A,15,0,15	A/A,18,0,18	G/A,17,1,16	A/A,17,0,17	G/A,14,1,13	A/A,16,0,16
contig208191.240	A	G	A/G,17,9,8	G/G,12,0,12	A/G,19,6,13	A/G,19,10,9	A/G,24,8,16	A/G,17,5,12	A/G,30,13,17	A/G,20,12,8	A/G,26,12,14	A/G,15,3,12	A/G,20,12,8	A/G,19,6,13	A/G,25,9,16	A/G,21,10,11	A/G,14,4,10	A/G,14,6,8	A/G,15,4,11
contig112971.65	C	A	A/A,13,0,13	A/A,17,0,17	A/A,24,0,24	A/A,17,0,17	A/A,21,0,21	A/A,22,0,22	A/A,26,0,26	A/A,21,0,21	A/A,24,0,24	A/A,13,0,13	A/A,17,0,17	C/A,24,2,22	A/A,26,0,26	A/A,23,0,23	A/A,19,0,19	A/A,24,0,24	A/A,23,0,23
contig69983.116	T	A	T/A,47,13,34	T/A,41,10,31	A/A,34,1,33	T/A,42,6,36	T/A,44,11,33	T/A,37,15,22	T/A,51,19,32	T/A,29,5,24	T/A,41,9,32	T/A,37,15,22	T/A,48,19,29	T/A,47,16,31	T/A,42,15,27	T/A,62,24,38	T/A,45,15,30	T/A,43,14,29	T/A,45,15,30
contig69983.117	C	T	C/T,47,13,34	C/T,41,10,31	T/T,34,1,33	C/T,42,6,36	C/T,44,11,33	C/T,36,14,22	C/T,50,18,32	C/T,29,5,24	C/T,41,9,32	C/T,37,15,22	C/T,48,19,29	C/T,47,16,31	C/T,41,14,27	C/T,61,23,38	C/T,45,15,30	C/T,42,13,29	C/T,46,15,31
contig175716.498	G	A	G/A,17,4,13	G/A,29,5,24	G/A,32,10,22	G/A,26,11,15	G/A,31,11,20	G/A,27,15,12	G/A,37,16,21	G/A,30,12,18	G/A,32,6,26	A/A,16,0,16	G/A,31,15,16	G/A,37,14,23	G/A,38,11,27	G/A,31,12,19	G/A,29,9,20	G/A,27,7,20	G/A,30,8,22
contig207849_105160_106316_179101_137696.1995	G	T	G/T,34,25,9	G/T,33,24,9	G/T,42,36,6	G/T,33,24,9	G/T,38,28,10	G/T,36,25,11	G/G,47,44,3	G/T,34,25,9	G/T,40,32,8	G/T,28,22,6	G/T,31,22,9	G/T,51,35,16	G/T,42,30,12	G/T,38,33,5	G/T,42,33,9	G/T,43,30,13	G/T,43,37,6
contig112515_19749.178	A	G	A/G,17,6,11	A/G,21,7,14	A/G,24,7,17	A/G,17,5,12	A/G,23,5,18	A/G,25,9,16	A/G,27,11,16	A/G,20,7,13	A/G,31,10,21	A/G,9,4,5	A/G,12,6,6	A/G,27,8,19	A/G,22,3,19	A/G,21,7,14	A/G,21,4,17	A/G,14,2,12	G/G,19,0,19
contig160645_167704_104472.2362	A	G	A/G,8,2,6	G/G,11,0,11	A/G,16,11,5	A/G,17,9,8	A/G,12,5,7	A/G,25,3,22	A/G,27,15,12	A/G,16,7,9	A/G,17,10,7	A/G,17,10,7	A/G,11,6,5	A/G,14,7,7	A/G,14,7,7	A/G,20,6,14	A/G,15,8,7	A/G,20,8,12	A/G,18,12,6
contig130959.139	A	G	A/G,10,8,2	A/G,14,3,11	A/G,11,7,4	A/G,14,4,10	A/G,19,10,9	A/G,19,13,6	A/G,13,4,9	A/G,11,4,7	G/G,11,0,11	A/G,11,4,7	A/G,13,6,7	A/G,19,9,10	A/G,16,7,9	A/G,20,8,12	A/G,7,4,3	A/G,13,5,8	A/G,14,4,10
contig78339.449	T	G	T/G,12,9,3	T/G,17,13,4	T/G,34,28,6	T/G,14,10,4	T/G,22,17,5	T/G,30,22,8	T/G,31,24,7	T/G,19,11,8	T/T,34,34,0	T/G,9,5,4	T/G,15,13,2	T/T,25,25,0	T/G,15,12,3	T/G,19,13,6	T/G,19,14,5	T/G,22,15,7	T/G,20,15,5
contig208521.295	T	C	T/C,16,4,12	T/C,12,5,7	T/C,21,7,14	T/C,9,4,5	T/C,10,4,6	T/C,23,11,12	T/C,21,9,12	T/C,11,6,5	T/C,14,6,8	T/C,7,2,5	T/C,8,2,6	C/C,14,0,14	T/C,9,3,6	T/C,9,6,3	C/C,11,0,11	T/C,15,4,11	T/C,9,6,3
contig172456.639	A	T	T/T,12,0,12	A/T,12,4,8	A/T,12,5,7	A/T,6,4,2	A/T,14,6,8	A/T,16,14,2	A/T,14,10,4	A/T,16,7,9	A/T,17,9,8	A/T,6,3,3	A/T,12,6,6	A/T,18,7,11	A/T,12,8,4	A/T,20,12,8	A/T,23,15,8	A/T,13,9,4	A/T,9,2,7
contig190141.157	C	G	C/G,9,5,4	C/G,15,8,7	C/G,17,7,10	C/G,17,6,11	C/G,18,4,14	C/G,13,4,9	C/G,19,8,11	G/G,14,0,14	C/G,25,10,15	C/G,4,2,2	C/G,9,6,3	C/G,21,6,15	C/G,15,9,6	C/G,17,6,11	C/G,14,5,9	C/G,17,4,13	C/G,19,8,11
contig214938.221	C	A	C/A,54,23,31	C/A,50,34,16	C/A,64,25,39	C/A,49,27,22	A/A,30,0,30	C/A,58,21,37	C/A,60,25,35	C/A,55,31,24	C/A,56,24,32	C/A,32,19,13	C/A,36,16,20	C/A,38,28,10	C/A,43,23,20	C/A,46,31,15	C/A,38,27,11	C/A,31,24,7	C/A,40,30,10
contig212750_105199_212476.818	C	T	C/T,12,7,5	C/T,16,10,6	C/T,23,16,7	C/T,14,10,4	C/T,16,10,6	C/T,12,8,4	C/T,27,18,9	C/T,14,9,5	C/T,17,13,4	C/T,6,2,4	C/T,16,13,3	C/T,17,11,6	C/T,12,7,5	C/T,17,11,6	C/T,13,8,5	C/C,15,15,0	C/T,15,11,4
contig77760.137	A	G	A/G,22,3,19	A/G,35,4,31	G/G,31,1,30	A/G,28,5,23	A/G,25,3,22	A/G,31,4,27	A/G,36,5,31	A/G,32,4,28	A/G,34,6,28	G/G,19,0,19	G/G,29,1,28	A/G,50,7,43	A/G,33,5,28	A/G,34,6,28	A/G,32,3,29	G/G,30,0,30	A/G,41,5,36
contig77760.214	T	C	T/C,26,18,8	T/C,28,18,10	T/C,29,24,5	T/C,22,15,7	T/C,35,26,9	T/C,33,30,3	T/T,36,36,0	T/C,32,22,10	T/C,26,20,6	T/C,18,10,8	T/C,27,19,8	T/C,29,14,15	T/C,24,11,13	T/C,25,15,10	T/C,26,15,11	T/C,22,14,8	T/C,28,19,9
contig155603.168	G	T	G/T,29,21,8	G/T,34,25,9	G/T,30,16,14	G/T,38,27,11	G/T,29,17,12	G/T,36,28,8	G/T,25,16,9	G/T,35,30,5	G/T,44,32,12	G/T,31,21,10	G/T,37,30,7	G/T,41,29,12	G/T,35,26,9	G/G,43,43,0	G/T,29,20,9	G/G,49,45,4	G/T,39,31,8
contig155603.179	T	A	T/A,30,19,11	T/A,34,24,10	T/A,36,21,15	T/A,36,21,15	T/A,33,16,17	T/A,35,26,9	T/A,28,17,11	T/A,34,29,5	T/A,41,28,13	T/A,33,23,10	T/A,39,27,12	T/A,37,24,13	T/A,33,22,11	T/T,37,37,0	T/A,28,15,13	T/A,39,34,5	T/A,39,30,9
contig109940.120	A	T	A/T,28,22,6	A/T,25,21,4	A/T,25,19,6	A/T,33,26,7	A/T,30,20,10	A/T,35,26,9	A/T,31,26,5	A/T,38,30,8	A/T,40,34,6	A/T,20,15,5	A/T,34,28,6	A/A,37,35,2	A/T,29,22,7	A/T,34,26,8	A/T,22,19,3	A/T,29,24,5	A/T,29,22,7
contig98445.27	C	A	C/A,11,3,8	C/A,16,5,11	C/A,19,10,9	C/A,12,4,8	C/A,19,5,14	C/A,14,5,9	A/A,15,1,14	C/A,18,6,12	C/A,20,15,5	C/A,13,3,10	C/A,13,5,8	C/A,18,10,8	C/A,17,4,13	C/A,14,5,9	C/A,9,4,5	C/A,14,6,8	C/A,20,7,13
contig74942.795	C	A	C/A,22,16,6	C/A,17,13,4	C/A,33,19,14	C/A,23,20,3	C/C,23,22,1	C/A,24,21,3	C/A,33,28,5	C/A,28,23,5	C/C,22,22,0	C/A,16,12,4	C/A,21,17,4	C/A,18,15,3	C/A,23,12,11	C/A,13,9,4	C/A,14,11,3	C/A,10,8,2	C/A,20,17,3
contig112877.66	G	A	A/A,21,0,21	A/A,28,0,28	A/A,23,0,23	A/A,24,0,24	A/A,23,0,23	A/A,23,0,23	A/A,21,0,21	A/A,20,0,20	A/A,23,0,23	G/A,12,1,11	A/A,24,0,24	A/A,25,0,25	A/A,25,0,25	A/A,22,0,22	A/A,17,0,17	A/A,22,0,22	A/A,23,0,23
contig146914.686	G	A	G/A,7,3,4	G/A,11,6,5	G/A,12,2,10	G/A,14,7,7	G/A,10,6,4	G/A,9,5,4	G/A,8,4,4	G/A,10,7,3	G/A,11,6,5	G/A,6,3,3	G/G,14,14,0	G/A,15,6,9	G/A,13,10,3	G/A,12,3,9	G/A,11,4,7	G/A,10,5,5	G/A,13,3,10
contig92152.177	C	T	C/T,16,11,5	C/T,16,9,7	C/T,17,10,7	C/T,15,10,5	C/T,20,10,10	C/T,15,9,6	C/T,18,14,4	C/T,15,8,7	C/C,18,18,0	C/T,13,8,5	C/T,18,10,8	C/T,16,9,7	C/T,13,7,6	C/T,15,9,6	C/T,17,12,5	C/T,17,12,5	C/T,14,6,8
contig137462_70693.551	A	G	A/A,25,25,0	A/A,24,24,0	A/A,30,30,0	A/A,27,27,0	A/A,21,21,0	A/A,24,24,0	A/A,27,27,0	A/A,20,20,0	A/A,24,24,0	A/A,15,15,0	A/A,20,20,0	A/A,28,28,0	A/A,24,24,0	A/A,18,18,0	A/A,18,18,0	A/G,8,5,3	A/A,24,24,0
contig154098_216400_151636.621	T	C	T/C,48,14,34	T/C,55,12,43	T/C,59,20,39	T/C,54,22,32	T/C,57,22,35	T/C,59,17,42	T/C,65,19,46	T/C,60,18,42	C/C,44,2,42	T/C,44,13,31	T/C,49,17,32	T/C,69,22,47	T/C,55,12,43	T/C,66,19,47	T/C,61,18,43	T/C,65,17,48	T/C,58,18,40
contig180389.43	A	G	A/G,18,11,7	A/G,18,13,5	A/G,28,25,3	A/G,21,16,5	A/G,25,21,4	A/G,24,21,3	A/G,40,34,6	A/A,18,18,0	A/G,20,17,3	A/G,12,10,2	A/G,22,18,4	A/G,19,14,5	A/G,21,17,4	A/G,27,21,6	A/G,18,13,5	A/G,24,20,4	A/G,34,28,6
contig108856_176058.892	T	C	T/C,39,31,8	T/C,39,31,8	T/C,38,32,6	T/C,44,39,5	T/C,43,37,6	T/T,45,42,3	T/C,42,36,6	T/C,41,38,3	T/C,42,35,7	T/C,30,23,7	T/C,42,33,9	T/C,43,33,10	T/C,46,40,6	T/C,45,36,9	T/C,46,37,9	T/C,49,40,9	T/C,46,38,8
contig175848.242	T	A	T/A,60,12,48	T/A,55,5,50	T/A,56,9,47	A/A,58,3,55	T/A,59,6,53	T/A,59,8,51	A/A,63,3,60	T/A,55,9,46	T/A,60,10,50	T/A,59,8,51	T/A,52,6,46	T/A,55,7,48	T/A,57,7,50	T/A,64,7,57	T/A,54,9,45	T/A,56,7,49	T/A,60,5,55
contig106565.94	A	C	A/C,12,6,6	A/C,12,6,6	A/C,14,8,6	A/C,13,8,5	A/C,16,11,5	A/C,19,11,8	A/C,19,11,8	A/C,21,18,3	A/A,14,13,1	A/C,10,6,4	A/C,14,5,9	A/C,23,12,11	A/C,21,15,6	A/C,18,12,6	A/C,11,4,7	A/C,18,13,5	A/C,16,10,6
contig117540.349	T	C	T/C,16,13,3	T/C,23,16,7	T/C,29,17,12	T/C,31,24,7	T/C,27,22,5	T/C,21,16,5	T/C,34,27,7	T/T,30,30,0	T/C,30,26,4	T/C,20,16,4	T/C,23,19,4	T/C,29,22,7	T/C,25,22,3	T/C,35,27,8	T/C,27,22,5	T/C,35,27,8	T/C,29,19,10
contig181086.75	A	G	A/A,52,52,0	A/A,57,57,0	A/A,64,64,0	A/A,56,56,0	A/A,34,34,0	A/A,65,65,0	A/A,34,34,0	A/A,57,55,2	A/A,50,50,0	A/G,40,36,4	A/A,48,48,0	A/A,66,64,2	A/G,68,61,7	A/A,72,72,0	A/A,77,77,0	A/A,71,71,0	A/A,45,45,0
contig213331.234	A	G	A/G,12,3,9	A/G,15,6,9	A/G,16,5,11	A/G,14,3,11	A/G,17,6,11	A/G,25,8,17	A/G,27,13,14	A/G,14,7,7	A/G,20,5,15	A/G,12,3,9	G/G,12,0,12	A/G,22,4,18	A/G,18,5,13	A/G,11,2,9	A/G,16,3,13	A/G,20,4,16	A/G,23,6,17
contig212570.200	C	T	C/T,17,12,5	C/T,19,12,7	C/T,25,17,8	C/T,27,20,7	C/T,17,9,8	C/T,24,15,9	C/T,27,19,8	C/T,17,13,4	C/T,31,18,13	C/C,14,14,0	C/T,14,9,5	C/T,28,22,6	C/T,23,15,8	C/T,23,12,11	C/T,23,18,5	C/T,24,12,12	C/T,30,23,7
contig212570.205	G	T	G/T,17,13,4	G/T,19,14,5	G/T,23,17,6	G/T,26,20,6	G/T,16,9,7	G/T,23,15,8	G/T,25,19,6	G/T,18,15,3	G/T,27,17,10	G/G,14,14,0	G/T,13,9,4	G/T,28,23,5	G/T,22,15,7	G/T,24,13,11	G/T,24,19,5	G/T,22,12,10	G/T,31,25,6
contig80835.242	C	A	C/A,15,7,8	C/A,14,6,8	C/A,18,6,12	C/A,15,6,9	C/A,13,4,9	C/A,16,6,10	C/A,16,5,11	A/A,12,0,12	C/A,16,5,11	C/A,10,4,6	C/A,14,4,10	C/A,16,6,10	C/A,20,8,12	C/A,14,6,8	C/A,14,8,6	C/A,13,8,5	C/A,18,3,15
contig185189.207	T	C	T/C,8,2,6	T/C,16,10,6	C/C,12,0,12	T/C,13,5,8	T/C,17,5,12	T/C,21,9,12	T/C,9,3,6	T/C,14,8,6	T/C,13,4,9	T/C,12,8,4	T/C,16,8,8	T/C,20,14,6	T/C,15,6,9	T/C,21,17,4	T/C,14,8,6	T/C,13,7,6	T/C,13,9,4
contig204286.136	T	C	T/C,15,7,8	T/C,17,13,4	T/C,24,16,8	T/C,17,14,3	T/C,11,4,7	T/C,12,4,8	T/C,24,13,11	T/C,13,7,6	T/C,21,12,9	T/T,11,11,0	T/C,16,7,9	T/C,16,8,8	T/C,18,14,4	T/C,26,17,9	T/C,9,5,4	T/C,14,7,7	T/C,17,12,5
contig176071.296	C	T	C/T,11,5,6	C/T,4,1,3	C/T,7,1,6	C/T,12,4,8	C/T,8,3,5	C/T,6,3,3	C/T,13,6,7	C/T,10,3,7	C/T,10,4,6	C/T,7,2,5	C/T,10,3,7	C/T,13,3,10	C/T,15,4,11	C/T,9,6,3	C/T,8,6,2	T/T,13,0,13	C/T,10,1,9
contig178894_209769.52	T	C	T/C,22,16,6	T/C,14,9,5	T/C,27,20,7	T/C,23,13,10	T/C,28,22,6	T/C,25,17,8	T/C,34,26,8	T/C,27,18,9	T/C,29,22,7	T/C,19,15,4	T/C,21,17,4	T/C,28,22,6	T/C,31,20,11	T/C,27,22,5	T/T,28,28,0	T/C,21,17,4	T/C,23,16,7
contig150734.868	C	G	C/C,29,29,0	C/C,27,27,0	C/C,33,33,0	C/C,32,32,0	C/C,34,34,0	C/C,40,40,0	C/C,40,40,0	C/G,27,24,3	C/G,33,26,7	C/C,22,22,0	C/C,30,30,0	C/C,29,29,0	C/C,37,37,0	C/C,30,30,0	C/C,34,34,0	C/C,34,34,0	C/C,25,25,0
contig75062.245	G	A	G/A,22,19,3	G/A,31,24,7	G/A,29,24,5	G/A,25,21,4	G/A,26,17,9	G/A,34,22,12	G/A,40,30,10	G/A,32,23,9	G/A,34,26,8	G/A,23,15,8	G/A,34,25,9	G/A,45,35,10	G/G,28,27,1	G/A,37,23,14	G/A,23,16,7	G/A,29,24,5	G/A,22,15,7
contig98617_152207.1730	A	G	A/G,12,7,5	A/G,16,8,8	A/G,23,10,13	A/G,16,9,7	A/G,20,15,5	A/G,23,17,6	A/G,21,17,4	A/G,23,17,6	A/G,24,18,6	A/A,12,12,0	A/G,23,14,9	A/G,18,14,4	A/G,21,12,9	A/G,22,15,7	A/G,16,10,6	A/G,14,10,4	A/G,15,9,6
contig176064_74666_149818.55	T	C	C/C,27,0,27	C/C,29,1,28	C/C,34,1,33	C/C,37,2,35	C/C,36,1,35	C/C,33,0,33	C/C,40,1,39	C/C,26,1,25	C/C,38,1,37	T/C,20,3,17	C/C,29,1,28	C/C,41,0,41	C/C,25,1,24	C/C,34,0,34	C/C,26,0,26	C/C,30,1,29	C/C,31,0,31
contig130892.198	C	T	C/T,23,19,4	C/T,29,25,4	C/C,27,27,0	C/T,20,15,5	C/T,29,26,3	C/T,30,27,3	C/T,41,34,7	C/T,27,20,7	C/T,27,22,5	C/T,19,16,3	C/T,31,23,8	C/T,33,28,5	C/T,30,27,3	C/T,31,28,3	C/T,27,24,3	C/T,28,23,5	C/T,29,26,3
contig189472.276	G	A	G/G,40,40,0	G/G,51,51,0	G/G,47,47,0	G/G,47,47,0	G/G,45,45,0	G/G,42,42,0	G/G,41,41,0	G/G,55,53,2	G/A,51,45,6	G/G,39,39,0	G/G,47,47,0	G/G,47,47,0	G/G,49,49,0	G/G,45,45,0	G/G,46,46,0	G/G,38,38,0	G/G,42,42,0
contig77846_104225.299	T	C	T/C,16,7,9	T/C,16,10,6	T/C,15,5,10	T/C,11,4,7	C/C,12,0,12	T/C,22,13,9	T/C,27,9,18	T/C,16,11,5	T/C,28,15,13	T/C,6,4,2	T/C,13,4,9	T/C,25,11,14	T/C,25,15,10	T/C,24,12,12	T/C,18,9,9	T/C,20,6,14	T/C,11,4,7
contig179804.217	A	C	A/A,26,26,0	A/A,34,34,0	A/A,34,34,0	A/A,33,33,0	A/A,30,30,0	A/A,33,33,0	A/A,38,38,0	A/A,34,34,0	A/A,30,30,0	A/A,28,28,0	A/A,35,35,0	A/A,33,33,0	A/A,36,36,0	A/A,39,39,0	A/A,29,29,0	A/C,22,19,3	A/A,25,25,0
contig218412.116	A	T	A/T,14,11,3	A/T,13,11,2	A/T,13,8,5	A/T,13,10,3	A/T,11,9,2	A/T,19,16,3	A/T,15,13,2	A/T,18,15,3	A/T,13,11,2	A/T,21,17,4	A/T,13,10,3	A/T,19,15,4	A/T,16,12,4	A/T,15,12,3	A/T,15,12,3	A/A,20,20,0	A/T,11,8,3
contig118957.96	G	A	G/A,30,18,12	G/A,32,24,8	G/A,34,17,17	G/A,33,18,15	G/A,35,20,15	G/A,35,26,9	G/A,38,22,16	G/A,29,21,8	G/A,35,26,9	G/A,20,10,10	G/A,26,18,8	G/A,29,19,10	G/A,23,15,8	G/A,32,19,13	G/G,35,34,1	G/A,34,24,10	G/A,34,19,15
contig600029.417	T	C	T/C,9,6,3	C/C,41,2,39	T/C,34,6,28	C/C,43,0,43	C/C,28,1,27	T/C,26,14,12	T/C,32,5,27	C/C,31,2,29	C/C,36,0,36	T/C,10,4,6	T/C,13,10,3	C/C,37,1,36	T/C,27,6,21	C/C,51,0,51	C/C,36,0,36	C/C,60,1,59	C/C,31,1,30
contig600029.432	C	T	C/T,9,6,3	C/C,36,36,0	C/T,34,31,3	C/C,44,44,0	C/C,34,34,0	C/T,20,14,6	C/C,31,31,0	C/C,33,33,0	C/C,43,43,0	C/T,11,8,3	C/T,8,4,4	C/C,36,36,0	C/T,28,24,4	C/C,47,47,0	C/C,41,41,0	C/C,49,49,0	C/C,32,32,0
contig151799.53	C	T	C/T,41,37,4	C/C,55,55,0	C/T,50,44,6	C/C,59,57,2	C/C,53,52,1	C/C,49,47,2	C/T,49,43,6	C/C,64,62,2	C/C,55,53,2	C/C,36,34,2	C/C,31,31,0	C/C,69,69,0	C/C,54,52,2	C/C,50,50,0	C/C,61,59,2	C/C,33,33,0	C/C,72,70,2
contig151799.175	C	A	C/A,63,53,10	C/C,84,84,0	C/A,72,61,11	C/C,82,82,0	C/A,76,57,19	C/A,74,55,19	C/A,76,53,23	C/C,84,84,0	C/A,71,60,11	C/C,46,46,0	C/A,52,36,16	C/C,48,48,0	C/A,61,55,6	C/C,50,50,0	C/C,64,61,3	C/C,50,50,0	C/C,75,70,5
contig210322.410	C	T	C/T,40,33,7	C/T,38,29,9	C/T,55,39,16	C/T,41,31,10	C/T,48,34,14	C/T,56,39,17	C/T,56,44,12	C/T,48,34,14	C/T,54,47,7	C/C,33,33,0	C/T,48,39,9	C/T,55,41,14	C/T,42,30,12	C/T,43,30,13	C/T,43,28,15	C/T,37,28,9	C/T,45,38,7
contig211169.42	G	C	G/C,40,5,35	G/C,12,4,8	G/C,18,6,12	G/C,25,4,21	G/C,25,5,20	G/C,29,6,23	G/C,21,6,15	G/C,32,6,26	G/C,18,4,14	C/C,14,0,14	G/C,10,3,7	G/C,12,4,8	G/C,22,7,15	G/C,23,5,18	G/C,22,8,14	G/C,27,8,19	G/C,11,2,9
contig600050.667	C	G	C/G,56,47,9	C/C,57,57,0	C/C,72,68,4	C/C,68,68,0	C/C,74,74,0	C/C,65,61,4	C/C,71,65,6	C/C,41,41,0	C/C,75,70,5	C/C,48,48,0	C/C,63,58,5	C/C,66,66,0	C/C,58,58,0	C/C,65,65,0	C/C,55,55,0	C/C,50,50,0	C/C,71,71,0
contig190135.172	T	C	T/C,18,5,13	T/C,11,2,9	C/C,15,0,15	T/C,17,3,14	C/C,11,0,11	T/C,17,5,12	C/C,16,0,16	T/C,15,4,11	T/C,19,3,16	T/C,16,4,12	C/C,12,0,12	C/C,15,0,15	T/C,22,5,17	T/C,21,5,16	T/C,18,4,14	C/C,19,0,19	T/C,24,6,18
contig169216.161	T	C	T/C,25,18,7	T/C,31,23,8	T/C,37,24,13	T/C,29,19,10	T/C,34,24,10	T/T,42,40,2	T/C,35,27,8	T/C,36,27,9	T/C,39,31,8	T/C,28,24,4	T/C,36,30,6	T/C,39,34,5	T/C,35,24,11	T/C,33,23,10	T/C,26,19,7	T/C,40,30,10	T/C,43,38,5
contig189217.100	G	A	G/G,39,39,0	G/G,44,44,0	G/G,48,48,0	G/G,48,48,0	G/G,42,42,0	G/G,38,38,0	G/A,55,51,4	G/G,41,41,0	G/G,38,38,0	G/G,31,31,0	G/A,43,38,5	G/G,52,52,0	G/G,46,46,0	G/G,43,43,0	G/G,37,37,0	G/G,46,46,0	G/G,41,41,0
