chrom.pos	ref	alt	AH88_1	AH88_10	AH88_11	AH88_12	AH88_13	AH88_14	AH88_15	AH88_16	AH88_17	AH88_2	AH88_3	AH88_4	AH88_5	AH88_6	AH88_7	AH88_8	AH88_9
contig175549.828	G	A	G/A,53,43,10	G/A,74,66,8	G/A,68,56,12	G/A,60,35,25	G/A,41,25,16	G/A,31,23,8	G/A,35,28,7	G/G,65,61,4	G/A,49,36,13	G/A,46,36,10	G/A,58,42,16	G/A,42,32,10	G/A,56,43,13	G/A,59,47,12	G/A,61,45,16	G/A,46,24,22	G/A,58,51,7
contig145497.1018	C	A	C/A,11,3,8	C/A,16,7,9	C/A,20,7,13	C/A,13,5,8	C/A,23,8,15	C/A,13,7,6	C/A,17,7,10	C/A,13,2,11	C/A,8,3,5	C/A,14,3,11	C/A,20,9,11	C/A,14,9,5	C/A,10,5,5	C/A,7,3,4	A/A,11,0,11	C/A,18,7,11	C/A,15,7,8
contig212947.222	T	A	T/A,23,13,10	T/A,27,15,12	T/A,29,17,12	T/A,30,15,15	T/A,20,12,8	A/A,8,0,8	T/A,26,14,12	T/A,26,15,11	T/A,15,8,7	T/A,22,14,8	T/A,29,14,15	T/A,19,11,8	T/A,23,13,10	T/A,21,10,11	T/A,20,8,12	T/A,23,14,9	T/A,26,15,11
contig209462.147	A	G	A/G,34,25,9	A/G,43,30,13	A/G,35,28,7	A/G,46,37,9	A/G,36,28,8	A/G,40,33,7	A/G,31,24,7	A/G,33,27,6	A/G,32,26,6	A/G,25,21,4	A/G,35,28,7	A/G,39,31,8	A/G,38,27,11	A/A,36,34,2	A/G,25,21,4	A/G,34,26,8	A/G,43,38,5
contig209462.206	G	A	G/A,25,7,18	G/A,32,8,24	G/A,32,11,21	G/A,30,9,21	G/A,24,8,16	A/A,26,1,25	G/A,32,5,27	G/A,31,7,24	G/A,24,5,19	G/A,29,7,22	G/A,31,9,22	G/A,31,8,23	G/A,39,13,26	G/A,24,6,18	G/A,30,6,24	G/A,31,10,21	G/A,27,7,20
contig11809_79887_175727_11277.336	A	G	A/G,12,5,7	A/G,23,15,8	A/G,16,7,9	A/G,18,5,13	A/G,15,7,8	A/G,15,6,9	G/G,11,0,11	A/G,21,10,11	A/G,11,3,8	A/G,18,9,9	A/G,17,5,12	A/G,21,7,14	A/G,17,6,11	A/G,17,7,10	A/G,13,4,9	A/G,23,10,13	A/G,19,7,12
contig74572_156171_213617_211945.1084	C	T	C/T,13,5,8	C/T,13,4,9	C/T,13,2,11	C/T,9,5,4	T/T,12,0,12	C/T,6,3,3	C/T,12,4,8	C/T,13,7,6	C/T,9,5,4	C/T,13,5,8	C/T,16,5,11	C/T,17,4,13	C/T,15,5,10	C/T,15,7,8	C/T,7,2,5	C/T,18,4,14	C/T,15,7,8
contig80643.163	A	C	A/C,36,22,14	A/C,31,25,6	A/C,32,23,9	A/C,34,22,12	A/C,31,22,9	A/C,40,28,12	A/C,39,30,9	A/C,23,17,6	A/C,28,19,9	A/C,33,23,10	A/C,36,24,12	A/C,38,29,9	A/C,32,26,6	A/A,27,26,1	A/C,37,23,14	A/C,42,27,15	A/C,33,22,11
contig188499.113	G	A	G/A,29,6,23	G/A,30,6,24	G/A,30,4,26	G/A,31,5,26	G/A,23,7,16	G/A,25,3,22	A/A,25,1,24	G/A,30,3,27	A/A,14,0,14	G/A,26,5,21	G/A,29,3,26	G/A,27,5,22	G/A,34,4,30	G/A,31,7,24	G/A,28,5,23	G/A,21,3,18	G/A,24,5,19
contig151582.98	C	T	C/T,17,11,6	T/T,11,0,11	C/T,10,4,6	C/T,12,6,6	C/T,7,4,3	C/T,7,2,5	C/T,11,5,6	C/T,10,4,6	C/T,9,3,6	C/T,10,4,6	C/T,13,2,11	C/T,9,5,4	C/T,10,4,6	C/T,10,2,8	C/T,13,4,9	C/T,13,3,10	C/T,11,6,5
contig169244.946	A	C	A/C,28,18,10	A/A,22,18,0	A/C,11,8,3	A/C,18,9,9	A/C,11,5,6	A/C,22,14,8	A/C,12,8,4	A/C,14,7,7	A/C,10,4,6	A/C,7,5,2	A/C,21,16,5	A/C,17,8,9	A/C,8,3,5	A/C,9,5,4	A/C,73,41,32	A/C,15,11,4	A/C,17,11,6
contig97587.301	A	G	A/A,16,16,0	A/A,23,23,0	A/A,20,20,0	A/A,24,24,0	A/G,8,5,3	A/A,22,22,0	A/A,26,26,0	A/A,18,18,0	A/A,14,14,0	A/A,17,17,0	A/A,16,16,0	A/A,20,20,0	A/A,16,16,0	A/A,12,12,0	A/A,18,18,0	A/A,24,24,0	A/A,18,18,0
contig151250.163	C	G	C/C,52,51,1	C/C,52,50,2	C/C,62,62,0	C/C,56,56,0	C/C,52,52,0	C/C,56,56,0	C/C,62,62,0	C/C,54,51,0	C/C,50,50,0	C/C,47,47,0	C/C,47,46,0	C/C,45,45,0	C/G,58,50,6	C/C,65,65,0	C/C,65,65,0	C/C,15,15,0	C/C,57,53,2
contig183052.181	G	A	G/A,24,21,3	G/A,22,17,5	G/A,23,20,3	G/A,31,27,4	G/G,34,33,1	G/A,52,42,10	G/G,40,40,0	G/A,18,13,5	G/A,15,12,3	G/G,27,27,0	G/A,31,28,3	G/A,22,19,3	G/A,22,19,3	G/A,20,16,4	G/A,27,23,4	G/A,30,26,4	G/A,22,15,7
contig151860.349	G	C	G/C,17,6,10	G/C,29,9,18	G/C,25,8,17	G/C,24,7,17	G/C,28,9,17	G/C,17,8,9	G/C,23,5,18	C/C,17,0,17	G/C,11,5,6	G/C,23,11,12	G/C,19,10,7	G/C,28,15,12	G/C,12,3,7	G/C,20,5,15	G/C,16,6,10	G/C,21,4,16	G/C,16,8,8
contig170156.286	A	G	A/G,28,25,3	A/G,29,24,5	A/G,25,22,3	A/G,32,29,3	A/G,32,24,8	A/G,35,30,5	A/G,29,26,3	A/A,27,27,0	A/G,26,23,3	A/G,31,27,4	A/G,31,25,6	A/G,27,24,3	A/G,27,23,4	A/G,27,23,4	A/G,27,23,4	A/G,30,24,6	A/G,32,29,3
contig69367.386	C	A	C/A,8,3,5	C/A,18,2,16	C/A,21,5,16	C/A,17,6,11	C/A,18,5,13	C/A,10,3,7	C/A,14,3,11	C/A,13,3,10	C/A,11,2,9	C/A,17,5,12	C/A,21,3,18	C/A,18,5,13	C/A,20,4,16	C/A,13,4,9	C/A,24,5,19	A/A,11,0,11	C/A,20,8,12
contig3619.99	T	C	T/C,9,6,3	T/C,8,5,3	T/C,10,7,3	T/C,12,7,5	T/C,12,9,3	T/C,10,5,5	T/C,12,10,2	T/C,9,5,4	T/C,4,2,2	T/C,9,6,3	T/C,13,9,4	T/C,11,5,6	T/C,6,3,3	T/C,7,3,4	T/C,18,12,6	T/T,13,13,0	T/C,10,6,4
contig175744.396	A	T	T/T,15,0,15	T/T,25,0,25	T/T,23,0,23	T/T,17,0,17	T/T,26,0,26	T/T,15,0,15	T/T,24,0,24	T/T,21,0,21	T/T,11,0,11	T/T,18,0,18	T/T,26,0,26	T/T,20,0,20	T/T,23,0,23	T/T,23,0,23	T/T,18,0,18	A/T,16,2,14	T/T,20,0,20
contig147493.282	C	A	C/A,54,35,19	C/A,53,38,15	C/A,50,35,15	C/A,47,36,11	C/A,48,39,9	C/A,40,28,12	C/A,52,42,10	C/A,46,35,11	C/C,37,36,1	C/A,53,46,7	C/A,60,50,10	C/A,42,31,11	C/A,43,33,10	C/A,50,38,12	C/A,54,45,9	C/A,53,37,16	C/A,52,43,9
contig119096.52	G	A	G/A,21,8,13	G/A,12,4,8	G/A,20,7,13	G/A,27,9,18	G/A,12,2,10	G/A,16,3,13	G/A,11,4,7	A/A,12,0,12	G/A,14,4,10	G/A,10,5,5	G/A,15,5,10	G/A,15,6,9	G/A,16,5,11	G/A,20,6,14	G/A,14,3,11	G/A,16,2,14	G/A,19,9,10
contig72805.103	T	G	T/G,54,45,9	T/G,64,57,7	T/G,66,59,7	T/G,66,59,7	T/G,53,44,9	T/G,45,35,10	T/G,59,50,9	T/G,59,46,13	T/G,38,30,8	T/G,56,46,10	T/G,48,41,7	T/G,51,44,7	T/G,48,34,14	T/G,50,40,10	T/G,58,46,12	T/T,64,64,0	T/G,63,52,11
contig211009.36	G	A	G/G,14,14,0	G/A,18,15,3	G/A,8,6,2	G/A,16,9,7	G/A,13,10,3	G/A,10,7,3	G/A,19,16,3	G/A,16,13,3	G/A,10,7,3	G/A,10,8,2	G/G,14,14,0	G/A,16,12,4	G/A,12,9,3	G/A,15,11,4	G/A,21,17,4	G/A,16,12,4	G/A,17,13,4
contig148854.184	C	A	C/A,15,7,8	C/A,8,5,3	C/A,15,8,4	C/A,10,8,2	C/A,13,6,6	C/A,6,3,3	C/C,14,12,0	C/A,13,6,7	C/A,15,9,6	C/A,15,13,2	C/A,27,14,13	C/A,17,8,7	C/A,14,6,8	C/A,20,11,6	C/A,16,9,5	C/A,10,5,5	C/A,13,7,6
contig107727_178063.335	C	G	C/G,15,9,6	C/G,20,16,4	C/C,13,13,0	C/G,15,10,5	C/G,13,9,4	C/G,16,12,4	C/G,12,6,6	C/G,16,11,5	C/G,10,5,5	C/G,16,7,9	C/G,20,14,6	C/G,14,8,6	C/G,17,11,6	C/G,19,10,9	C/G,14,9,5	C/G,23,15,8	C/G,19,14,5
contig131753.214	A	G	A/G,25,8,17	A/G,42,5,37	A/G,52,10,42	A/G,35,12,23	A/G,40,8,32	G/G,40,1,39	A/G,39,7,32	A/G,39,12,27	G/G,27,1,26	A/G,20,6,14	A/G,44,4,40	A/G,17,3,14	A/G,26,3,23	A/G,25,7,18	A/G,47,8,39	A/G,25,6,19	A/G,45,8,37
contig147984.425	G	C	G/C,45,25,20	G/C,49,39,10	G/G,22,22,0	G/C,49,30,19	G/C,26,16,10	G/C,31,20,11	G/C,26,18,8	G/C,35,23,12	G/C,37,25,12	G/C,41,29,12	G/C,45,37,8	G/C,27,18,9	G/C,23,20,3	G/C,52,37,15	G/C,68,51,17	G/C,55,37,18	G/C,44,34,10
contig151965.452	A	G	A/G,14,10,4	A/G,21,15,6	A/G,33,28,5	A/G,28,23,5	A/G,24,19,5	A/G,16,14,2	A/G,19,14,5	A/G,29,24,5	A/G,18,15,3	A/G,22,16,6	A/G,29,21,8	A/A,27,27,0	A/G,31,19,12	A/G,25,18,7	A/G,26,22,4	A/G,32,23,9	A/G,33,27,6
contig209153.152	G	T	G/T,24,11,13	G/T,31,16,15	G/T,32,14,18	G/T,26,11,15	G/T,23,8,15	G/T,26,9,17	G/T,27,11,16	T/T,14,0,14	G/T,23,11,12	G/T,28,6,22	G/T,29,13,16	G/T,27,10,17	G/T,28,16,12	G/T,20,7,13	G/T,27,11,16	G/T,29,17,12	G/T,31,15,16
contig213091.289	A	T	A/A,57,57,0	A/A,57,57,0	A/A,65,65,0	A/A,50,50,0	A/A,47,47,0	A/A,52,50,2	A/A,59,59,0	A/A,65,65,0	A/A,54,52,2	A/A,47,47,0	A/A,52,52,0	A/A,45,45,0	A/A,57,57,0	A/A,67,67,0	A/T,47,42,5	A/T,50,45,5	A/A,50,48,2
contig212439.202	T	C	T/C,42,17,25	T/C,39,16,23	T/C,37,7,30	T/C,31,11,20	T/C,34,9,25	T/C,35,13,22	T/C,32,10,22	T/C,30,6,24	T/C,39,4,35	T/C,30,6,24	T/C,53,15,38	T/C,42,19,23	T/C,33,14,19	T/C,46,12,34	C/C,68,3,65	T/C,42,11,31	T/C,43,19,24
contig156441.249	A	C	A/C,19,12,7	A/C,38,24,14	A/C,28,20,8	A/C,29,18,11	A/C,34,21,13	A/A,40,37,3	A/C,36,30,6	A/C,23,14,9	A/C,13,8,5	A/C,16,8,8	A/C,23,13,10	A/C,24,10,14	A/C,24,11,13	A/C,21,12,9	A/C,19,8,11	A/C,24,8,16	A/C,44,35,9
contig181086.130	A	T	A/A,40,40,0	A/A,29,29,0	A/A,32,32,0	A/A,55,55,0	A/A,49,49,0	A/T,63,48,15	A/T,66,54,12	A/A,40,40,0	A/A,42,42,0	A/A,45,45,0	A/A,43,43,0	A/A,43,43,0	A/A,41,41,0	A/A,31,31,0	A/A,43,43,0	A/A,43,43,0	A/A,41,41,0
contig179303_125663.228	C	G	C/G,24,20,4	C/G,22,18,4	C/G,22,18,4	C/G,38,31,7	C/C,33,33,0	C/G,42,32,10	C/G,26,22,4	C/G,15,12,3	C/G,16,10,6	C/G,21,17,4	C/G,20,16,4	C/G,24,21,3	C/G,17,14,3	C/G,17,13,4	C/G,33,27,6	C/G,51,36,15	C/G,25,20,5
contig211718.111	T	G	T/G,19,13,6	T/G,31,18,13	T/G,16,13,3	T/G,17,11,6	T/G,24,18,6	T/T,27,26,1	T/G,24,20,4	T/G,18,12,6	T/G,15,12,3	T/G,19,16,3	T/G,33,17,16	T/G,21,12,9	T/G,28,20,8	T/G,24,16,8	T/G,34,21,13	T/G,28,20,8	T/G,24,18,6
contig151647.64	G	C	G/G,32,32,0	G/G,28,28,0	G/G,33,33,0	G/G,34,34,0	G/G,36,36,0	G/C,21,18,3	G/G,27,27,0	G/G,30,30,0	G/G,29,29,0	G/G,31,31,0	G/G,39,39,0	G/G,35,35,0	G/G,28,28,0	G/G,31,31,0	G/G,35,35,0	G/G,35,35,0	G/G,33,33,0
contig153908.94	T	G	T/T,39,39,0	T/T,46,46,0	T/T,60,60,0	T/T,53,53,0	T/T,38,38,0	T/T,34,34,0	T/T,37,37,0	T/G,57,51,6	T/T,40,40,0	T/T,34,34,0	T/T,48,48,0	T/T,39,39,0	T/T,39,39,0	T/T,47,47,0	T/T,40,40,0	T/T,33,33,0	T/T,38,38,0
contig156970.84	C	T	C/T,14,5,9	C/T,15,7,8	C/T,13,9,4	C/T,13,8,5	C/T,9,5,4	C/T,17,5,12	C/T,15,8,7	C/T,16,10,6	C/T,10,8,2	C/T,11,8,3	C/T,12,6,6	C/T,16,7,9	C/T,12,8,4	C/T,9,6,3	C/T,12,8,4	C/T,16,10,6	C/C,13,13,0
contig107312.97	T	C	T/C,13,8,5	T/C,13,7,6	T/C,9,7,2	T/C,16,5,11	T/C,16,8,8	T/C,18,7,11	C/C,11,0,11	T/C,13,8,5	T/C,8,2,6	T/C,12,5,7	T/C,14,3,11	T/C,8,3,5	T/C,7,3,4	T/C,12,10,2	T/C,6,2,4	T/C,17,11,6	T/C,13,5,8
contig600156.187	A	G	A/G,22,19,3	A/G,34,29,5	A/G,22,18,4	A/G,28,23,5	A/G,21,15,6	A/G,27,20,7	A/G,21,14,7	A/G,25,17,8	A/G,17,13,4	A/G,19,17,2	A/G,16,14,2	A/G,19,14,5	A/G,23,18,5	A/G,21,14,7	A/G,20,16,4	A/A,28,28,0	A/G,27,22,5
contig179488.35	A	C	C/C,28,1,27	A/C,33,6,27	A/C,31,14,17	A/C,27,6,21	A/C,24,7,17	A/C,20,5,15	A/C,30,5,25	A/C,31,7,24	A/C,19,2,17	A/C,23,7,16	A/C,18,5,13	A/C,26,10,16	A/C,26,11,15	A/C,33,5,28	A/C,23,8,15	A/C,19,4,15	A/C,25,3,22
contig154133.828	A	G	G/G,11,0,11	G/G,28,0,28	G/G,27,0,27	G/G,24,0,24	G/G,25,1,24	A/G,17,5,12	G/G,21,0,21	G/G,26,1,25	G/G,17,0,17	G/G,17,0,17	A/G,35,9,26	G/G,17,0,17	G/G,24,0,24	G/G,25,0,25	G/G,18,0,18	A/G,23,6,17	G/G,29,0,29
contig98617_152207.1522	C	T	C/T,17,11,6	C/T,15,13,2	C/T,25,19,6	C/T,20,17,3	C/T,21,14,7	C/T,21,14,7	C/T,19,14,5	C/C,11,11,0	C/T,19,12,7	C/T,23,11,12	C/T,25,15,10	C/T,18,15,3	C/T,18,13,5	C/T,17,13,4	C/T,21,15,6	C/T,17,11,6	C/T,19,15,4
contig107357.58	C	T	T/T,19,0,19	T/T,14,0,14	C/T,20,4,16	T/T,27,0,27	T/T,23,0,23	T/T,29,0,29	C/T,29,5,24	T/T,20,0,20	T/T,11,0,11	T/T,25,0,25	T/T,17,0,17	T/T,27,0,27	T/T,19,0,19	T/T,17,0,17	T/T,22,0,22	T/T,20,0,20	T/T,24,0,24
contig137647.128	T	C	T/T,37,37,0	T/T,27,27,0	T/T,31,31,0	T/T,38,36,2	T/T,40,38,2	T/T,26,26,0	T/T,32,32,0	T/C,25,22,3	T/T,38,38,0	T/T,43,43,0	T/T,55,53,2	T/T,53,53,0	T/T,45,45,0	T/T,26,26,0	T/T,45,45,0	T/T,52,52,0	T/T,45,45,0
contig186539.170	A	G	A/G,15,9,6	A/G,17,13,4	A/G,24,16,8	A/G,22,14,8	A/G,17,10,7	A/G,16,12,4	A/G,21,16,5	A/G,15,9,6	A/G,9,5,4	A/G,20,8,12	A/G,14,8,6	A/G,14,9,5	A/A,16,16,0	A/G,19,13,6	A/G,7,5,2	A/G,27,21,6	A/G,22,14,8
contig186539.172	A	G	A/G,14,8,6	A/G,16,13,3	A/G,22,15,7	A/G,20,14,6	A/G,17,11,6	A/G,15,11,4	A/G,21,17,4	A/G,14,9,5	A/G,8,5,3	A/G,19,8,11	A/G,14,8,6	A/G,14,9,5	A/A,16,16,0	A/G,18,12,6	A/G,7,5,2	A/G,25,20,5	A/G,20,15,5
contig154171_209339.183	T	C	T/C,12,8,4	T/C,9,5,4	T/C,14,12,2	T/C,15,11,4	T/C,14,12,2	T/C,11,9,2	T/T,11,11,0	T/C,15,10,5	T/C,11,8,3	T/C,6,2,4	T/C,19,15,4	T/C,15,6,9	T/C,15,12,3	T/C,8,6,2	T/C,14,10,4	T/C,16,11,5	T/C,14,11,3
contig106766.175	G	A	G/A,44,8,36	G/A,33,7,26	G/A,25,3,22	G/A,41,10,31	G/A,41,7,34	A/A,27,0,27	G/A,39,8,31	G/A,27,8,19	G/A,25,5,20	G/A,46,8,38	G/A,42,11,31	G/A,46,9,37	G/A,31,7,24	G/A,23,4,19	G/A,37,7,30	G/A,42,7,35	G/A,42,9,33
contig177128.184	T	A	T/T,53,53,0	T/T,52,52,0	T/T,57,57,0	T/T,62,62,0	T/T,63,63,0	T/T,44,44,0	T/T,50,50,0	T/T,58,58,0	T/T,47,45,2	T/T,51,49,2	T/A,52,45,7	T/T,44,44,0	T/T,54,54,0	T/T,41,39,2	T/T,50,50,0	T/T,50,50,0	T/T,62,62,0
contig600029.304	C	G	C/C,27,27,0	C/C,30,30,0	C/C,24,24,0	C/C,30,30,0	C/C,20,20,0	C/G,10,5,5	C/C,21,21,0	C/C,28,28,0	C/C,25,25,0	C/C,19,19,0	C/C,27,27,0	C/C,27,27,0	C/C,31,31,0	C/C,31,31,0	C/C,25,25,0	C/C,27,27,0	C/C,26,26,0
contig600029.376	T	C	T/C,55,40,15	T/C,53,41,12	T/C,49,38,6	T/C,71,56,15	T/C,53,44,9	T/T,39,39,0	T/C,51,45,6	T/T,63,55,3	T/C,44,36,8	T/C,59,50,9	T/C,55,32,21	T/C,67,41,26	T/C,52,40,12	T/C,60,40,20	T/C,48,35,12	T/C,67,46,21	T/C,44,32,12
contig600029.411	C	T	C/T,38,9,29	C/T,32,17,15	C/T,36,13,23	C/T,45,15,30	C/T,38,12,26	T/T,31,0,31	C/T,35,4,31	C/T,39,12,27	C/T,37,8,29	C/T,38,11,27	C/T,46,24,22	C/T,51,26,25	C/T,43,22,21	C/T,45,22,23	C/T,42,17,25	C/T,45,17,28	C/T,32,16,16
contig600029.417	T	C	T/C,32,24,8	T/C,28,23,5	T/C,29,23,6	T/C,45,33,12	T/C,35,26,9	T/T,31,31,0	T/C,33,29,4	T/C,32,28,4	T/C,32,25,7	T/C,30,26,4	T/C,41,20,21	T/C,51,20,31	T/C,40,25,15	T/C,45,22,23	T/C,36,29,7	T/C,45,25,20	T/C,28,17,11
contig600029.461	G	A	G/G,48,48,0	G/G,44,44,0	G/G,37,37,0	G/G,58,58,0	G/G,49,49,0	G/A,39,31,8	G/G,43,43,0	G/G,50,50,0	G/G,45,45,0	G/G,57,57,0	G/G,56,56,0	G/G,66,66,0	G/G,54,54,0	G/G,67,67,0	G/G,47,47,0	G/G,51,51,0	G/G,40,40,0
contig600029.462	G	C	G/G,48,48,0	G/G,44,44,0	G/G,37,37,0	G/G,58,58,0	G/G,49,49,0	G/C,37,27,10	G/G,45,45,0	G/G,50,50,0	G/G,45,45,0	G/G,57,57,0	G/G,56,56,0	G/G,66,66,0	G/G,54,54,0	G/G,67,67,0	G/G,47,47,0	G/G,51,51,0	G/G,40,40,0
contig600029.514	T	G	T/T,37,37,0	T/T,34,34,0	T/T,29,29,0	T/T,36,36,0	T/T,29,29,0	T/G,13,10,3	T/T,28,28,0	T/T,37,37,0	T/T,30,30,0	T/T,32,32,0	T/T,36,36,0	T/T,44,44,0	T/T,34,34,0	T/T,38,38,0	T/T,36,36,0	T/T,36,36,0	T/T,30,30,0
contig151799.83	T	A	T/A,31,19,12	T/T,30,30,0	T/T,33,33,0	T/A,50,24,26	T/A,36,12,24	T/A,29,13,16	T/A,36,18,18	T/T,33,33,0	T/A,26,17,9	T/A,44,14,30	T/A,43,29,14	T/A,35,11,24	T/A,36,22,14	T/A,30,23,7	T/A,34,23,11	T/A,48,16,32	T/A,34,25,9
contig151799.89	A	G	A/G,33,21,12	A/G,28,4,24	A/G,33,7,26	A/G,47,39,8	A/G,36,31,5	A/G,32,27,5	A/G,40,31,9	A/G,30,6,24	A/G,25,20,5	A/A,45,44,1	A/G,46,30,16	A/A,40,39,1	A/G,37,20,17	A/G,29,16,13	A/G,38,18,20	A/A,51,51,0	A/G,37,15,22
contig192735.184	C	T	C/T,26,3,23	C/T,25,7,18	C/T,28,6,22	C/T,33,8,25	C/T,26,4,22	T/T,33,1,32	C/T,34,5,29	C/T,24,6,18	C/T,19,5,14	C/T,23,4,19	C/T,30,5,25	C/T,24,4,20	C/T,27,3,24	C/T,22,7,15	C/T,30,7,23	C/T,29,5,24	C/T,27,3,24
contig211169.301	C	T	C/T,46,7,39	C/T,28,4,24	T/T,13,0,13	C/T,37,6,31	C/T,27,6,21	C/T,39,5,34	C/T,28,5,23	C/T,24,2,22	C/T,32,8,24	C/T,37,5,32	C/T,16,5,11	C/T,20,4,16	C/T,14,2,12	C/T,23,3,20	C/T,49,8,41	C/T,54,9,45	C/T,40,4,36
contig111006.133	C	T	C/T,16,14,2	C/C,22,22,0	C/T,24,20,4	C/T,28,22,6	C/T,16,14,2	C/C,31,31,0	C/T,25,19,6	C/T,13,8,5	C/T,9,7,2	C/T,24,20,4	C/T,33,26,7	C/T,18,14,4	C/T,26,21,5	C/T,16,14,2	C/T,28,22,6	C/T,28,23,5	C/C,21,21,0
contig189475.48	G	A	G/A,18,9,9	G/A,18,14,4	G/G,21,21,0	G/A,25,19,6	G/A,20,13,7	G/A,22,13,9	G/A,27,14,13	G/A,20,10,10	G/A,13,8,5	G/A,27,19,8	G/A,24,14,10	G/A,19,10,9	G/A,25,14,11	G/A,14,8,6	G/A,19,14,5	G/A,21,12,9	G/A,26,19,7
